4 2 1
5 2 1
6 2 1
7 2 1
8 2 1
9 2 1
10 2 1
11 2 1
44 2 1
47 2 1
48 2 1
49 2 1
50 2 1
51 2 1
64 2 1
65 2 1
66 2 1
67 2 1
68 2 1
69 2 1
70 2 1
71 2 1
4 3 1
5 3 1
6 3 1
7 3 1
8 3 1
9 3 1
10 3 1
11 3 1
44 3 1
45 3 1
46 3 1
47 3 1
48 3 1
49 3 1
50 3 1
51 3 1
64 3 1
71 3 1
4 4 1
5 4 1
6 4 1
7 4 1
8 4 1
9 4 1
10 4 1
11 4 1
13 4 1
14 4 1
15 4 1
16 4 1
17 4 1
18 4 1
19 4 1
20 4 1
21 4 1
22 4 1
44 4 1
45 4 1
46 4 1
47 4 1
48 4 1
49 4 1
50 4 1
51 4 1
53 4 1
54 4 1
55 4 1
56 4 1
57 4 1
58 4 1
59 4 1
60 4 1
61 4 1
62 4 1
64 4 1
71 4 1
4 5 1
5 5 1
6 5 1
7 5 1
8 5 1
9 5 1
10 5 1
11 5 1
12 5 1
13 5 1
14 5 1
15 5 1
16 5 1
17 5 1
18 5 1
19 5 1
20 5 1
21 5 1
22 5 1
44 5 1
45 5 1
46 5 1
47 5 1
48 5 1
49 5 1
50 5 1
51 5 1
52 5 1
53 5 1
54 5 1
55 5 1
56 5 1
57 5 1
58 5 1
59 5 1
60 5 1
61 5 1
62 5 1
63 5 1
64 5 1
71 5 1
4 6 1
5 6 1
6 6 1
7 6 1
8 6 1
9 6 1
10 6 1
11 6 1
12 6 1
13 6 1
14 6 1
15 6 1
16 6 1
17 6 1
18 6 1
19 6 1
20 6 1
21 6 1
22 6 1
44 6 1
45 6 1
46 6 1
47 6 1
48 6 1
49 6 1
50 6 1
51 6 1
52 6 1
53 6 1
54 6 1
55 6 1
56 6 1
57 6 1
58 6 1
59 6 1
60 6 1
61 6 1
62 6 1
63 6 1
64 6 1
71 6 1
4 7 1
5 7 1
6 7 1
7 7 1
8 7 1
9 7 1
10 7 1
11 7 1
13 7 1
14 7 1
15 7 1
16 7 1
17 7 1
18 7 1
19 7 1
20 7 1
21 7 1
22 7 1
44 7 1
45 7 1
46 7 1
47 7 1
48 7 1
49 7 1
50 7 1
51 7 1
53 7 1
54 7 1
55 7 1
56 7 1
57 7 1
58 7 1
59 7 1
60 7 1
61 7 1
62 7 1
64 7 1
71 7 1
4 8 1
5 8 1
6 8 1
7 8 1
8 8 1
9 8 1
10 8 1
11 8 1
44 8 1
45 8 1
46 8 1
47 8 1
48 8 1
49 8 1
50 8 1
51 8 1
64 8 1
71 8 1
4 9 1
5 9 1
6 9 1
7 9 1
8 9 1
11 9 1
44 9 1
45 9 1
46 9 1
47 9 1
48 9 1
49 9 1
50 9 1
51 9 1
64 9 1
65 9 1
66 9 1
67 9 1
68 9 1
69 9 1
70 9 1
71 9 1
47 10 1
48 10 1
46 11 1
47 11 1
48 11 1
49 11 1
46 12 1
47 12 1
48 12 1
49 12 1
46 13 1
47 13 1
48 13 1
49 13 1
46 14 1
47 14 1
48 14 1
49 14 1
46 15 1
47 15 1
48 15 1
49 15 1
46 16 1
47 16 1
48 16 1
49 16 1
46 17 1
47 17 1
48 17 1
49 17 1
46 18 1
47 18 1
48 18 1
49 18 1
46 19 1
47 19 1
48 19 1
49 19 1
46 20 1
47 20 1
48 20 1
49 20 1
47 21 1
48 21 1
4 22 1
5 22 1
6 22 1
7 22 1
8 22 1
9 22 1
10 22 1
11 22 1
24 22 1
25 22 1
26 22 1
27 22 1
28 22 1
29 22 1
30 22 1
31 22 1
44 22 1
45 22 1
46 22 1
47 22 1
48 22 1
49 22 1
50 22 1
51 22 1
64 22 1
65 22 1
66 22 1
67 22 1
68 22 1
69 22 1
70 22 1
71 22 1
4 23 1
5 23 1
6 23 1
7 23 1
8 23 1
9 23 1
10 23 1
11 23 1
24 23 1
25 23 1
26 23 1
27 23 1
28 23 1
29 23 1
30 23 1
31 23 1
44 23 1
51 23 1
64 23 1
65 23 1
66 23 1
67 23 1
68 23 1
69 23 1
70 23 1
71 23 1
4 24 1
5 24 1
6 24 1
7 24 1
8 24 1
9 24 1
10 24 1
11 24 1
24 24 1
25 24 1
26 24 1
27 24 1
28 24 1
29 24 1
30 24 1
31 24 1
44 24 1
51 24 1
53 24 1
54 24 1
55 24 1
56 24 1
57 24 1
58 24 1
59 24 1
60 24 1
61 24 1
62 24 1
64 24 1
65 24 1
66 24 1
67 24 1
68 24 1
69 24 1
70 24 1
71 24 1
4 25 1
5 25 1
6 25 1
7 25 1
8 25 1
9 25 1
10 25 1
11 25 1
24 25 1
25 25 1
26 25 1
27 25 1
28 25 1
29 25 1
30 25 1
31 25 1
44 25 1
51 25 1
52 25 1
53 25 1
54 25 1
55 25 1
56 25 1
57 25 1
58 25 1
59 25 1
60 25 1
61 25 1
62 25 1
63 25 1
64 25 1
65 25 1
66 25 1
67 25 1
68 25 1
69 25 1
70 25 1
71 25 1
4 26 1
5 26 1
6 26 1
7 26 1
8 26 1
9 26 1
10 26 1
11 26 1
24 26 1
25 26 1
26 26 1
27 26 1
28 26 1
29 26 1
30 26 1
31 26 1
44 26 1
51 26 1
52 26 1
53 26 1
54 26 1
55 26 1
56 26 1
57 26 1
58 26 1
59 26 1
60 26 1
61 26 1
62 26 1
63 26 1
64 26 1
65 26 1
66 26 1
67 26 1
68 26 1
69 26 1
70 26 1
71 26 1
5 27 1
6 27 1
7 27 1
8 27 1
9 27 1
10 27 1
11 27 1
25 27 1
26 27 1
27 27 1
28 27 1
29 27 1
30 27 1
31 27 1
44 27 1
51 27 1
53 27 1
54 27 1
55 27 1
56 27 1
57 27 1
58 27 1
59 27 1
60 27 1
61 27 1
62 27 1
64 27 1
65 27 1
66 27 1
67 27 1
68 27 1
69 27 1
70 27 1
71 27 1
5 28 1
6 28 1
7 28 1
8 28 1
9 28 1
10 28 1
11 28 1
25 28 1
26 28 1
27 28 1
28 28 1
29 28 1
30 28 1
31 28 1
44 28 1
51 28 1
64 28 1
65 28 1
66 28 1
67 28 1
68 28 1
69 28 1
70 28 1
71 28 1
4 29 1
5 29 1
6 29 1
7 29 1
8 29 1
9 29 1
10 29 1
11 29 1
24 29 1
25 29 1
26 29 1
27 29 1
28 29 1
29 29 1
30 29 1
31 29 1
44 29 1
45 29 1
46 29 1
47 29 1
48 29 1
49 29 1
50 29 1
51 29 1
64 29 1
65 29 1
66 29 1
67 29 1
68 29 1
69 29 1
70 29 1
71 29 1
7 30 1
8 30 1
27 30 1
28 30 1
47 30 1
48 30 1
6 31 1
7 31 1
8 31 1
9 31 1
26 31 1
27 31 1
28 31 1
29 31 1
46 31 1
47 31 1
48 31 1
49 31 1
6 32 1
7 32 1
8 32 1
9 32 1
26 32 1
27 32 1
28 32 1
29 32 1
46 32 1
47 32 1
48 32 1
49 32 1
6 33 1
7 33 1
8 33 1
9 33 1
26 33 1
27 33 1
28 33 1
29 33 1
46 33 1
47 33 1
48 33 1
49 33 1
6 34 1
7 34 1
8 34 1
9 34 1
26 34 1
27 34 1
28 34 1
29 34 1
46 34 1
47 34 1
48 34 1
49 34 1
6 35 1
7 35 1
8 35 1
9 35 1
26 35 1
27 35 1
28 35 1
29 35 1
46 35 1
47 35 1
48 35 1
49 35 1
6 36 1
7 36 1
8 36 1
9 36 1
26 36 1
27 36 1
28 36 1
29 36 1
46 36 1
47 36 1
48 36 1
49 36 1
6 37 1
7 37 1
8 37 1
9 37 1
26 37 1
27 37 1
28 37 1
29 37 1
46 37 1
47 37 1
48 37 1
49 37 1
6 38 1
7 38 1
8 38 1
9 38 1
26 38 1
27 38 1
28 38 1
29 38 1
46 38 1
47 38 1
48 38 1
49 38 1
6 39 1
7 39 1
8 39 1
9 39 1
26 39 1
27 39 1
28 39 1
29 39 1
46 39 1
47 39 1
48 39 1
49 39 1
6 40 1
7 40 1
8 40 1
9 40 1
22 40 1
23 40 1
24 40 1
25 40 1
26 40 1
27 40 1
28 40 1
29 40 1
30 40 1
31 40 1
32 40 1
33 40 1
46 40 1
47 40 1
48 40 1
49 40 1
7 41 1
8 41 1
22 41 1
27 41 1
28 41 1
33 41 1
47 41 1
48 41 1
4 42 1
5 42 1
6 42 1
7 42 1
8 42 1
9 42 1
10 42 1
11 42 1
22 42 1
24 42 1
25 42 1
26 42 1
27 42 1
28 42 1
29 42 1
30 42 1
31 42 1
33 42 1
44 42 1
45 42 1
46 42 1
47 42 1
48 42 1
49 42 1
50 42 1
51 42 1
64 42 1
65 42 1
66 42 1
67 42 1
68 42 1
69 42 1
70 42 1
71 42 1
4 43 1
5 43 1
6 43 1
7 43 1
8 43 1
9 43 1
10 43 1
11 43 1
22 43 1
24 43 1
25 43 1
26 43 1
27 43 1
28 43 1
29 43 1
30 43 1
31 43 1
33 43 1
44 43 1
51 43 1
64 43 1
65 43 1
66 43 1
67 43 1
68 43 1
69 43 1
70 43 1
71 43 1
4 44 1
5 44 1
6 44 1
7 44 1
8 44 1
9 44 1
10 44 1
11 44 1
13 44 1
14 44 1
15 44 1
16 44 1
17 44 1
18 44 1
19 44 1
20 44 1
21 44 1
22 44 1
24 44 1
25 44 1
26 44 1
27 44 1
28 44 1
29 44 1
30 44 1
31 44 1
33 44 1
44 44 1
51 44 1
64 44 1
65 44 1
66 44 1
67 44 1
68 44 1
69 44 1
70 44 1
71 44 1
4 45 1
5 45 1
6 45 1
7 45 1
8 45 1
9 45 1
10 45 1
11 45 1
12 45 1
13 45 1
14 45 1
15 45 1
16 45 1
17 45 1
18 45 1
19 45 1
20 45 1
21 45 1
22 45 1
24 45 1
25 45 1
26 45 1
27 45 1
28 45 1
29 45 1
30 45 1
31 45 1
33 45 1
44 45 1
51 45 1
64 45 1
65 45 1
66 45 1
67 45 1
68 45 1
69 45 1
70 45 1
71 45 1
4 46 1
5 46 1
6 46 1
7 46 1
8 46 1
9 46 1
10 46 1
11 46 1
12 46 1
13 46 1
14 46 1
15 46 1
16 46 1
17 46 1
18 46 1
19 46 1
20 46 1
21 46 1
22 46 1
24 46 1
25 46 1
26 46 1
27 46 1
28 46 1
29 46 1
30 46 1
31 46 1
33 46 1
44 46 1
51 46 1
64 46 1
65 46 1
66 46 1
67 46 1
68 46 1
69 46 1
70 46 1
71 46 1
4 47 1
5 47 1
6 47 1
7 47 1
8 47 1
9 47 1
10 47 1
11 47 1
13 47 1
14 47 1
15 47 1
16 47 1
17 47 1
18 47 1
19 47 1
20 47 1
21 47 1
22 47 1
24 47 1
25 47 1
26 47 1
27 47 1
28 47 1
29 47 1
30 47 1
31 47 1
33 47 1
44 47 1
51 47 1
65 47 1
66 47 1
67 47 1
68 47 1
69 47 1
70 47 1
71 47 1
4 48 1
5 48 1
6 48 1
7 48 1
8 48 1
9 48 1
10 48 1
11 48 1
22 48 1
24 48 1
25 48 1
26 48 1
27 48 1
28 48 1
29 48 1
30 48 1
31 48 1
33 48 1
44 48 1
51 48 1
65 48 1
66 48 1
67 48 1
68 48 1
69 48 1
70 48 1
71 48 1
4 49 1
5 49 1
6 49 1
7 49 1
8 49 1
9 49 1
10 49 1
11 49 1
22 49 1
24 49 1
25 49 1
26 49 1
27 49 1
28 49 1
31 49 1
33 49 1
44 49 1
45 49 1
46 49 1
47 49 1
48 49 1
49 49 1
50 49 1
51 49 1
64 49 1
65 49 1
66 49 1
67 49 1
68 49 1
69 49 1
70 49 1
71 49 1
22 50 1
33 50 1
22 51 1
23 51 1
24 51 1
25 51 1
26 51 1
27 51 1
28 51 1
29 51 1
30 51 1
31 51 1
32 51 1
33 51 1
45 2 2
10 9 2
4 28 2
24 28 2
64 48 2
30 49 2
4 1 3
5 1 3
7 1 3
8 1 3
10 1 3
11 1 3
24 1 3
25 1 3
27 1 3
28 1 3
30 1 3
31 1 3
64 1 3
65 1 3
67 1 3
68 1 3
70 1 3
71 1 3
3 2 3
23 2 3
32 2 3
43 2 3
46 2 3
72 2 3
3 3 3
23 3 3
32 3 3
43 3 3
72 3 3
3 5 3
23 5 3
32 5 3
43 5 3
72 5 3
3 6 3
23 6 3
32 6 3
43 6 3
72 6 3
3 8 3
23 8 3
32 8 3
43 8 3
72 8 3
3 9 3
9 9 3
23 9 3
32 9 3
43 9 3
72 9 3
24 10 3
25 10 3
27 10 3
28 10 3
30 10 3
31 10 3
64 10 3
65 10 3
67 10 3
68 10 3
70 10 3
71 10 3
4 21 3
5 21 3
7 21 3
8 21 3
10 21 3
11 21 3
24 21 3
25 21 3
27 21 3
28 21 3
30 21 3
31 21 3
64 21 3
65 21 3
67 21 3
68 21 3
70 21 3
71 21 3
12 22 3
32 22 3
43 22 3
72 22 3
12 23 3
32 23 3
43 23 3
72 23 3
12 25 3
32 25 3
43 25 3
72 25 3
12 26 3
32 26 3
43 26 3
72 26 3
4 27 3
24 27 3
12 28 3
32 28 3
43 28 3
72 28 3
12 29 3
32 29 3
43 29 3
72 29 3
64 30 3
65 30 3
67 30 3
68 30 3
70 30 3
71 30 3
64 41 3
65 41 3
67 41 3
68 41 3
70 41 3
71 41 3
3 42 3
23 42 3
32 42 3
43 42 3
52 42 3
72 42 3
3 43 3
23 43 3
32 43 3
43 43 3
52 43 3
72 43 3
3 45 3
23 45 3
32 45 3
43 45 3
52 45 3
72 45 3
3 46 3
23 46 3
32 46 3
43 46 3
52 46 3
72 46 3
64 47 3
3 48 3
23 48 3
32 48 3
43 48 3
52 48 3
72 48 3
3 49 3
23 49 3
29 49 3
32 49 3
43 49 3
52 49 3
72 49 3
4 50 3
5 50 3
7 50 3
8 50 3
10 50 3
11 50 3
44 50 3
45 50 3
47 50 3
48 50 3
50 50 3
51 50 3
64 50 3
65 50 3
67 50 3
68 50 3
70 50 3
71 50 3
47 2 4
8 9 4
4 26 4
24 26 4
64 46 4
28 49 4
48 2 5
7 9 5
4 25 5
24 25 5
64 45 5
27 49 5
49 2 6
6 9 6
4 24 6
24 24 6
64 44 6
26 49 6
50 2 7
5 9 7
4 23 7
24 23 7
64 43 7
25 49 7
2 0 8
3 0 8
4 0 8
5 0 8
6 0 8
7 0 8
8 0 8
9 0 8
10 0 8
11 0 8
12 0 8
13 0 8
42 0 8
43 0 8
44 0 8
45 0 8
46 0 8
47 0 8
48 0 8
49 0 8
50 0 8
51 0 8
52 0 8
53 0 8
2 1 8
13 1 8
42 1 8
53 1 8
2 2 8
4 2 8
5 2 8
6 2 8
7 2 8
8 2 8
9 2 8
10 2 8
11 2 8
13 2 8
24 2 8
25 2 8
26 2 8
27 2 8
28 2 8
29 2 8
30 2 8
31 2 8
42 2 8
51 2 8
53 2 8
64 2 8
65 2 8
66 2 8
67 2 8
68 2 8
69 2 8
70 2 8
71 2 8
2 3 8
4 3 8
5 3 8
6 3 8
7 3 8
8 3 8
9 3 8
10 3 8
13 3 8
24 3 8
25 3 8
26 3 8
27 3 8
28 3 8
29 3 8
30 3 8
31 3 8
42 3 8
44 3 8
45 3 8
46 3 8
47 3 8
48 3 8
49 3 8
50 3 8
51 3 8
53 3 8
64 3 8
71 3 8
2 4 8
4 4 8
5 4 8
6 4 8
7 4 8
8 4 8
9 4 8
10 4 8
13 4 8
24 4 8
25 4 8
26 4 8
27 4 8
28 4 8
29 4 8
30 4 8
31 4 8
42 4 8
44 4 8
45 4 8
46 4 8
47 4 8
48 4 8
49 4 8
50 4 8
51 4 8
53 4 8
54 4 8
55 4 8
56 4 8
57 4 8
58 4 8
59 4 8
60 4 8
61 4 8
62 4 8
64 4 8
71 4 8
2 5 8
4 5 8
5 5 8
6 5 8
7 5 8
8 5 8
9 5 8
10 5 8
11 5 8
13 5 8
14 5 8
15 5 8
16 5 8
17 5 8
18 5 8
19 5 8
20 5 8
21 5 8
22 5 8
23 5 8
24 5 8
25 5 8
26 5 8
27 5 8
28 5 8
29 5 8
30 5 8
31 5 8
42 5 8
44 5 8
45 5 8
46 5 8
47 5 8
48 5 8
49 5 8
50 5 8
51 5 8
52 5 8
53 5 8
54 5 8
55 5 8
56 5 8
57 5 8
58 5 8
59 5 8
60 5 8
61 5 8
62 5 8
63 5 8
64 5 8
71 5 8
2 6 8
4 6 8
5 6 8
6 6 8
7 6 8
8 6 8
9 6 8
10 6 8
11 6 8
13 6 8
14 6 8
15 6 8
16 6 8
17 6 8
18 6 8
19 6 8
20 6 8
21 6 8
22 6 8
23 6 8
24 6 8
25 6 8
26 6 8
27 6 8
28 6 8
29 6 8
30 6 8
31 6 8
42 6 8
44 6 8
45 6 8
46 6 8
47 6 8
48 6 8
49 6 8
50 6 8
51 6 8
52 6 8
53 6 8
54 6 8
55 6 8
56 6 8
57 6 8
58 6 8
59 6 8
60 6 8
61 6 8
62 6 8
63 6 8
64 6 8
71 6 8
2 7 8
4 7 8
5 7 8
6 7 8
7 7 8
8 7 8
9 7 8
10 7 8
11 7 8
13 7 8
24 7 8
25 7 8
26 7 8
27 7 8
28 7 8
29 7 8
30 7 8
31 7 8
42 7 8
45 7 8
46 7 8
47 7 8
48 7 8
49 7 8
50 7 8
51 7 8
53 7 8
54 7 8
55 7 8
56 7 8
57 7 8
58 7 8
59 7 8
60 7 8
61 7 8
62 7 8
64 7 8
71 7 8
2 8 8
4 8 8
5 8 8
6 8 8
7 8 8
8 8 8
9 8 8
10 8 8
11 8 8
13 8 8
24 8 8
25 8 8
26 8 8
27 8 8
28 8 8
29 8 8
30 8 8
31 8 8
42 8 8
45 8 8
46 8 8
47 8 8
48 8 8
49 8 8
50 8 8
51 8 8
53 8 8
64 8 8
71 8 8
2 9 8
4 9 8
13 9 8
24 9 8
25 9 8
26 9 8
27 9 8
28 9 8
31 9 8
42 9 8
44 9 8
45 9 8
46 9 8
47 9 8
48 9 8
49 9 8
50 9 8
51 9 8
53 9 8
64 9 8
65 9 8
66 9 8
67 9 8
68 9 8
69 9 8
70 9 8
71 9 8
2 10 8
13 10 8
42 10 8
53 10 8
2 11 8
3 11 8
4 11 8
5 11 8
6 11 8
7 11 8
8 11 8
9 11 8
10 11 8
11 11 8
12 11 8
13 11 8
42 11 8
43 11 8
44 11 8
45 11 8
46 11 8
47 11 8
48 11 8
49 11 8
50 11 8
51 11 8
52 11 8
53 11 8
7 12 8
8 12 8
46 12 8
47 12 8
48 12 8
49 12 8
7 13 8
8 13 8
46 13 8
47 13 8
48 13 8
49 13 8
7 14 8
8 14 8
46 14 8
47 14 8
48 14 8
49 14 8
7 15 8
8 15 8
46 15 8
47 15 8
48 15 8
49 15 8
7 16 8
8 16 8
46 16 8
47 16 8
48 16 8
49 16 8
7 17 8
8 17 8
46 17 8
47 17 8
48 17 8
49 17 8
7 18 8
8 18 8
46 18 8
47 18 8
48 18 8
49 18 8
7 19 8
8 19 8
46 19 8
47 19 8
48 19 8
49 19 8
7 20 8
8 20 8
46 20 8
47 20 8
48 20 8
49 20 8
47 21 8
48 21 8
4 22 8
5 22 8
6 22 8
7 22 8
8 22 8
9 22 8
10 22 8
11 22 8
24 22 8
27 22 8
28 22 8
29 22 8
30 22 8
31 22 8
44 22 8
45 22 8
46 22 8
47 22 8
48 22 8
49 22 8
50 22 8
51 22 8
64 22 8
67 22 8
68 22 8
69 22 8
70 22 8
71 22 8
5 23 8
6 23 8
7 23 8
8 23 8
9 23 8
10 23 8
11 23 8
31 23 8
44 23 8
51 23 8
64 23 8
65 23 8
66 23 8
67 23 8
68 23 8
69 23 8
70 23 8
71 23 8
5 24 8
6 24 8
7 24 8
8 24 8
9 24 8
10 24 8
11 24 8
31 24 8
33 24 8
34 24 8
35 24 8
36 24 8
37 24 8
38 24 8
39 24 8
40 24 8
41 24 8
42 24 8
44 24 8
51 24 8
53 24 8
54 24 8
55 24 8
56 24 8
57 24 8
58 24 8
59 24 8
60 24 8
61 24 8
62 24 8
64 24 8
65 24 8
66 24 8
67 24 8
68 24 8
69 24 8
70 24 8
71 24 8
5 25 8
6 25 8
7 25 8
8 25 8
9 25 8
10 25 8
11 25 8
31 25 8
32 25 8
33 25 8
34 25 8
35 25 8
36 25 8
37 25 8
38 25 8
39 25 8
40 25 8
41 25 8
42 25 8
43 25 8
44 25 8
51 25 8
52 25 8
53 25 8
54 25 8
55 25 8
56 25 8
57 25 8
58 25 8
59 25 8
60 25 8
61 25 8
62 25 8
63 25 8
64 25 8
65 25 8
66 25 8
67 25 8
68 25 8
69 25 8
70 25 8
71 25 8
5 26 8
6 26 8
7 26 8
8 26 8
9 26 8
10 26 8
11 26 8
31 26 8
32 26 8
33 26 8
34 26 8
35 26 8
36 26 8
37 26 8
38 26 8
39 26 8
40 26 8
41 26 8
42 26 8
43 26 8
44 26 8
51 26 8
52 26 8
53 26 8
54 26 8
55 26 8
56 26 8
57 26 8
58 26 8
59 26 8
60 26 8
61 26 8
62 26 8
63 26 8
64 26 8
65 26 8
66 26 8
67 26 8
68 26 8
69 26 8
70 26 8
71 26 8
5 27 8
6 27 8
7 27 8
8 27 8
9 27 8
10 27 8
11 27 8
31 27 8
33 27 8
34 27 8
35 27 8
36 27 8
37 27 8
38 27 8
39 27 8
40 27 8
41 27 8
42 27 8
44 27 8
51 27 8
53 27 8
54 27 8
55 27 8
56 27 8
57 27 8
58 27 8
59 27 8
60 27 8
61 27 8
62 27 8
64 27 8
65 27 8
66 27 8
67 27 8
68 27 8
69 27 8
70 27 8
71 27 8
5 28 8
6 28 8
7 28 8
8 28 8
9 28 8
10 28 8
11 28 8
31 28 8
44 28 8
51 28 8
64 28 8
65 28 8
66 28 8
67 28 8
68 28 8
69 28 8
70 28 8
71 28 8
5 29 8
6 29 8
7 29 8
8 29 8
9 29 8
10 29 8
11 29 8
25 29 8
26 29 8
27 29 8
28 29 8
29 29 8
30 29 8
31 29 8
44 29 8
45 29 8
46 29 8
47 29 8
48 29 8
49 29 8
50 29 8
51 29 8
64 29 8
65 29 8
66 29 8
67 29 8
68 29 8
69 29 8
70 29 8
71 29 8
47 30 8
48 30 8
46 31 8
47 31 8
48 31 8
49 31 8
46 32 8
47 32 8
48 32 8
49 32 8
46 33 8
47 33 8
48 33 8
49 33 8
46 34 8
47 34 8
48 34 8
49 34 8
46 35 8
47 35 8
48 35 8
49 35 8
46 36 8
47 36 8
48 36 8
49 36 8
46 37 8
47 37 8
48 37 8
49 37 8
46 38 8
47 38 8
48 38 8
49 38 8
46 39 8
47 39 8
48 39 8
49 39 8
46 40 8
47 40 8
48 40 8
49 40 8
47 41 8
48 41 8
4 42 8
5 42 8
6 42 8
7 42 8
8 42 8
9 42 8
10 42 8
11 42 8
24 42 8
25 42 8
26 42 8
27 42 8
28 42 8
29 42 8
30 42 8
31 42 8
44 42 8
45 42 8
46 42 8
47 42 8
48 42 8
49 42 8
50 42 8
51 42 8
64 42 8
65 42 8
66 42 8
67 42 8
68 42 8
69 42 8
70 42 8
71 42 8
4 43 8
11 43 8
24 43 8
25 43 8
26 43 8
27 43 8
28 43 8
29 43 8
30 43 8
44 43 8
45 43 8
46 43 8
47 43 8
48 43 8
49 43 8
50 43 8
51 43 8
65 43 8
66 43 8
67 43 8
68 43 8
69 43 8
70 43 8
71 43 8
4 44 8
11 44 8
24 44 8
25 44 8
26 44 8
27 44 8
28 44 8
29 44 8
30 44 8
44 44 8
45 44 8
46 44 8
47 44 8
48 44 8
49 44 8
50 44 8
51 44 8
65 44 8
66 44 8
67 44 8
68 44 8
69 44 8
70 44 8
71 44 8
4 45 8
11 45 8
12 45 8
13 45 8
14 45 8
15 45 8
16 45 8
17 45 8
18 45 8
19 45 8
20 45 8
21 45 8
22 45 8
23 45 8
24 45 8
25 45 8
26 45 8
27 45 8
28 45 8
29 45 8
30 45 8
31 45 8
44 45 8
45 45 8
46 45 8
47 45 8
48 45 8
49 45 8
50 45 8
51 45 8
65 45 8
66 45 8
67 45 8
68 45 8
69 45 8
70 45 8
71 45 8
4 46 8
11 46 8
12 46 8
13 46 8
14 46 8
15 46 8
16 46 8
17 46 8
18 46 8
19 46 8
20 46 8
21 46 8
22 46 8
23 46 8
24 46 8
25 46 8
26 46 8
27 46 8
28 46 8
29 46 8
30 46 8
31 46 8
44 46 8
45 46 8
46 46 8
47 46 8
48 46 8
49 46 8
50 46 8
51 46 8
65 46 8
66 46 8
67 46 8
68 46 8
69 46 8
70 46 8
71 46 8
4 47 8
11 47 8
24 47 8
25 47 8
26 47 8
27 47 8
28 47 8
29 47 8
30 47 8
31 47 8
44 47 8
45 47 8
46 47 8
47 47 8
48 47 8
49 47 8
50 47 8
51 47 8
65 47 8
66 47 8
67 47 8
68 47 8
69 47 8
70 47 8
71 47 8
4 48 8
11 48 8
24 48 8
25 48 8
26 48 8
27 48 8
28 48 8
29 48 8
30 48 8
31 48 8
44 48 8
45 48 8
46 48 8
47 48 8
48 48 8
49 48 8
50 48 8
51 48 8
65 48 8
66 48 8
67 48 8
68 48 8
69 48 8
70 48 8
71 48 8
4 49 8
5 49 8
6 49 8
7 49 8
8 49 8
9 49 8
10 49 8
11 49 8
24 49 8
44 49 8
45 49 8
46 49 8
47 49 8
48 49 8
49 49 8
50 49 8
51 49 8
64 49 8
65 49 8
66 49 8
67 49 8
68 49 8
69 49 8
70 49 8
71 49 8
11 3 9
44 8 9
30 9 9
25 22 9
65 22 9
31 43 9
64 48 9
4 1 10
5 1 10
7 1 10
8 1 10
10 1 10
11 1 10
24 1 10
25 1 10
27 1 10
28 1 10
30 1 10
31 1 10
44 1 10
45 1 10
47 1 10
48 1 10
50 1 10
51 1 10
64 1 10
65 1 10
67 1 10
68 1 10
70 1 10
71 1 10
3 2 10
32 2 10
72 2 10
3 3 10
32 3 10
72 3 10
11 4 10
3 5 10
32 5 10
72 5 10
3 6 10
32 6 10
72 6 10
44 7 10
3 8 10
32 8 10
72 8 10
3 9 10
29 9 10
32 9 10
72 9 10
4 10 10
5 10 10
7 10 10
8 10 10
10 10 10
11 10 10
44 10 10
45 10 10
47 10 10
48 10 10
50 10 10
51 10 10
64 10 10
65 10 10
67 10 10
68 10 10
70 10 10
71 10 10
4 21 10
5 21 10
7 21 10
8 21 10
10 21 10
11 21 10
3 22 10
12 22 10
23 22 10
26 22 10
66 22 10
72 22 10
3 23 10
12 23 10
23 23 10
72 23 10
3 25 10
12 25 10
23 25 10
72 25 10
3 26 10
12 26 10
23 26 10
72 26 10
3 28 10
12 28 10
23 28 10
72 28 10
3 29 10
12 29 10
23 29 10
72 29 10
4 30 10
5 30 10
7 30 10
8 30 10
10 30 10
11 30 10
24 30 10
25 30 10
27 30 10
28 30 10
30 30 10
31 30 10
64 30 10
65 30 10
67 30 10
68 30 10
70 30 10
71 30 10
4 41 10
5 41 10
7 41 10
8 41 10
10 41 10
11 41 10
24 41 10
25 41 10
27 41 10
28 41 10
30 41 10
31 41 10
64 41 10
65 41 10
67 41 10
68 41 10
70 41 10
71 41 10
3 42 10
43 42 10
52 42 10
72 42 10
3 43 10
43 43 10
52 43 10
72 43 10
31 44 10
3 45 10
43 45 10
52 45 10
72 45 10
3 46 10
43 46 10
52 46 10
72 46 10
64 47 10
3 48 10
43 48 10
52 48 10
72 48 10
3 49 10
43 49 10
52 49 10
72 49 10
4 50 10
5 50 10
7 50 10
8 50 10
10 50 10
11 50 10
24 50 10
25 50 10
27 50 10
28 50 10
30 50 10
31 50 10
44 50 10
45 50 10
47 50 10
48 50 10
50 50 10
51 50 10
64 50 10
65 50 10
67 50 10
68 50 10
70 50 10
71 50 10
11 5 11
44 6 11
28 9 11
27 22 11
67 22 11
31 45 11
64 46 11
44 5 12
11 6 12
27 9 12
28 22 12
68 22 12
64 45 12
31 46 12
44 4 13
11 7 13
26 9 13
29 22 13
69 22 13
64 44 13
31 47 13
44 3 14
11 8 14
25 9 14
30 22 14
70 22 14
64 43 14
31 48 14
2 0 15
3 0 15
4 0 15
5 0 15
6 0 15
7 0 15
8 0 15
9 0 15
10 0 15
11 0 15
12 0 15
13 0 15
2 1 15
13 1 15
2 2 15
4 2 15
7 2 15
8 2 15
9 2 15
10 2 15
13 2 15
24 2 15
27 2 15
28 2 15
29 2 15
30 2 15
31 2 15
44 2 15
47 2 15
48 2 15
49 2 15
50 2 15
51 2 15
64 2 15
65 2 15
66 2 15
67 2 15
68 2 15
69 2 15
70 2 15
71 2 15
2 3 15
4 3 15
5 3 15
6 3 15
7 3 15
8 3 15
9 3 15
10 3 15
13 3 15
24 3 15
25 3 15
26 3 15
27 3 15
28 3 15
29 3 15
30 3 15
31 3 15
45 3 15
46 3 15
47 3 15
48 3 15
49 3 15
50 3 15
51 3 15
64 3 15
71 3 15
2 4 15
4 4 15
5 4 15
6 4 15
7 4 15
8 4 15
9 4 15
10 4 15
13 4 15
14 4 15
15 4 15
16 4 15
17 4 15
18 4 15
19 4 15
20 4 15
21 4 15
22 4 15
24 4 15
25 4 15
26 4 15
27 4 15
28 4 15
29 4 15
30 4 15
31 4 15
45 4 15
46 4 15
47 4 15
48 4 15
49 4 15
50 4 15
51 4 15
53 4 15
54 4 15
55 4 15
56 4 15
57 4 15
58 4 15
59 4 15
60 4 15
61 4 15
62 4 15
64 4 15
71 4 15
2 5 15
4 5 15
5 5 15
6 5 15
7 5 15
8 5 15
9 5 15
10 5 15
13 5 15
14 5 15
15 5 15
16 5 15
17 5 15
18 5 15
19 5 15
20 5 15
21 5 15
22 5 15
23 5 15
24 5 15
25 5 15
26 5 15
27 5 15
28 5 15
29 5 15
30 5 15
31 5 15
45 5 15
46 5 15
47 5 15
48 5 15
49 5 15
50 5 15
51 5 15
53 5 15
54 5 15
55 5 15
56 5 15
57 5 15
58 5 15
59 5 15
60 5 15
61 5 15
62 5 15
63 5 15
64 5 15
71 5 15
2 6 15
4 6 15
5 6 15
6 6 15
7 6 15
8 6 15
9 6 15
10 6 15
13 6 15
14 6 15
15 6 15
16 6 15
17 6 15
18 6 15
19 6 15
20 6 15
21 6 15
22 6 15
23 6 15
24 6 15
25 6 15
26 6 15
27 6 15
28 6 15
29 6 15
30 6 15
31 6 15
45 6 15
46 6 15
47 6 15
48 6 15
49 6 15
50 6 15
51 6 15
53 6 15
54 6 15
55 6 15
56 6 15
57 6 15
58 6 15
59 6 15
60 6 15
61 6 15
62 6 15
63 6 15
64 6 15
71 6 15
2 7 15
4 7 15
5 7 15
6 7 15
7 7 15
8 7 15
9 7 15
10 7 15
13 7 15
14 7 15
15 7 15
16 7 15
17 7 15
18 7 15
19 7 15
20 7 15
21 7 15
22 7 15
24 7 15
25 7 15
26 7 15
27 7 15
28 7 15
29 7 15
30 7 15
31 7 15
45 7 15
46 7 15
47 7 15
48 7 15
49 7 15
50 7 15
51 7 15
53 7 15
54 7 15
55 7 15
56 7 15
57 7 15
58 7 15
59 7 15
60 7 15
61 7 15
62 7 15
64 7 15
71 7 15
2 8 15
4 8 15
5 8 15
6 8 15
7 8 15
8 8 15
9 8 15
10 8 15
13 8 15
24 8 15
25 8 15
26 8 15
27 8 15
28 8 15
29 8 15
30 8 15
31 8 15
45 8 15
46 8 15
47 8 15
48 8 15
49 8 15
50 8 15
51 8 15
64 8 15
71 8 15
2 9 15
4 9 15
5 9 15
6 9 15
7 9 15
8 9 15
9 9 15
10 9 15
11 9 15
13 9 15
24 9 15
45 9 15
46 9 15
47 9 15
48 9 15
49 9 15
50 9 15
51 9 15
64 9 15
65 9 15
66 9 15
67 9 15
68 9 15
69 9 15
70 9 15
71 9 15
2 10 15
7 10 15
8 10 15
13 10 15
47 10 15
48 10 15
2 11 15
3 11 15
4 11 15
5 11 15
6 11 15
7 11 15
8 11 15
9 11 15
10 11 15
11 11 15
12 11 15
13 11 15
46 11 15
47 11 15
48 11 15
49 11 15
6 12 15
7 12 15
8 12 15
9 12 15
46 12 15
47 12 15
48 12 15
49 12 15
6 13 15
7 13 15
8 13 15
9 13 15
46 13 15
47 13 15
48 13 15
49 13 15
6 14 15
7 14 15
8 14 15
9 14 15
46 14 15
47 14 15
48 14 15
49 14 15
6 15 15
7 15 15
8 15 15
9 15 15
46 15 15
47 15 15
48 15 15
49 15 15
6 16 15
7 16 15
8 16 15
9 16 15
46 16 15
47 16 15
48 16 15
49 16 15
6 17 15
7 17 15
8 17 15
9 17 15
46 17 15
47 17 15
48 17 15
49 17 15
6 18 15
7 18 15
8 18 15
9 18 15
46 18 15
47 18 15
48 18 15
49 18 15
6 19 15
7 19 15
8 19 15
9 19 15
46 19 15
47 19 15
48 19 15
49 19 15
2 20 15
3 20 15
4 20 15
5 20 15
6 20 15
7 20 15
8 20 15
9 20 15
10 20 15
11 20 15
12 20 15
13 20 15
46 20 15
47 20 15
48 20 15
49 20 15
2 21 15
7 21 15
8 21 15
13 21 15
47 21 15
48 21 15
2 22 15
4 22 15
5 22 15
6 22 15
7 22 15
8 22 15
9 22 15
10 22 15
11 22 15
13 22 15
31 22 15
44 22 15
45 22 15
46 22 15
47 22 15
48 22 15
49 22 15
50 22 15
51 22 15
64 22 15
71 22 15
2 23 15
4 23 15
11 23 15
13 23 15
44 23 15
45 23 15
46 23 15
47 23 15
48 23 15
49 23 15
50 23 15
51 23 15
64 23 15
65 23 15
66 23 15
67 23 15
68 23 15
69 23 15
70 23 15
71 23 15
2 24 15
4 24 15
11 24 15
13 24 15
44 24 15
45 24 15
46 24 15
47 24 15
48 24 15
49 24 15
50 24 15
51 24 15
53 24 15
54 24 15
55 24 15
56 24 15
57 24 15
58 24 15
59 24 15
60 24 15
61 24 15
62 24 15
64 24 15
65 24 15
66 24 15
67 24 15
68 24 15
69 24 15
70 24 15
71 24 15
2 25 15
4 25 15
11 25 15
13 25 15
44 25 15
45 25 15
46 25 15
47 25 15
48 25 15
49 25 15
50 25 15
51 25 15
52 25 15
53 25 15
54 25 15
55 25 15
56 25 15
57 25 15
58 25 15
59 25 15
60 25 15
61 25 15
62 25 15
63 25 15
64 25 15
65 25 15
66 25 15
67 25 15
68 25 15
69 25 15
70 25 15
71 25 15
2 26 15
4 26 15
11 26 15
13 26 15
44 26 15
45 26 15
46 26 15
47 26 15
48 26 15
49 26 15
50 26 15
51 26 15
52 26 15
53 26 15
54 26 15
55 26 15
56 26 15
57 26 15
58 26 15
59 26 15
60 26 15
61 26 15
62 26 15
63 26 15
64 26 15
65 26 15
66 26 15
67 26 15
68 26 15
69 26 15
70 26 15
71 26 15
2 27 15
4 27 15
11 27 15
13 27 15
44 27 15
45 27 15
46 27 15
47 27 15
48 27 15
49 27 15
50 27 15
51 27 15
53 27 15
54 27 15
55 27 15
56 27 15
57 27 15
58 27 15
59 27 15
60 27 15
61 27 15
62 27 15
64 27 15
65 27 15
66 27 15
67 27 15
68 27 15
69 27 15
70 27 15
71 27 15
2 28 15
4 28 15
11 28 15
13 28 15
44 28 15
45 28 15
46 28 15
47 28 15
48 28 15
49 28 15
50 28 15
51 28 15
64 28 15
65 28 15
66 28 15
67 28 15
68 28 15
69 28 15
70 28 15
71 28 15
2 29 15
4 29 15
5 29 15
6 29 15
7 29 15
8 29 15
9 29 15
10 29 15
11 29 15
13 29 15
44 29 15
45 29 15
46 29 15
47 29 15
48 29 15
51 29 15
64 29 15
65 29 15
66 29 15
67 29 15
68 29 15
69 29 15
70 29 15
71 29 15
2 30 15
7 30 15
8 30 15
13 30 15
67 30 15
68 30 15
2 31 15
3 31 15
4 31 15
5 31 15
6 31 15
7 31 15
8 31 15
9 31 15
10 31 15
11 31 15
12 31 15
13 31 15
66 31 15
67 31 15
68 31 15
69 31 15
6 32 15
7 32 15
8 32 15
9 32 15
66 32 15
67 32 15
68 32 15
69 32 15
6 33 15
7 33 15
8 33 15
9 33 15
66 33 15
67 33 15
68 33 15
69 33 15
6 34 15
7 34 15
8 34 15
9 34 15
66 34 15
67 34 15
68 34 15
69 34 15
6 35 15
7 35 15
8 35 15
9 35 15
66 35 15
67 35 15
68 35 15
69 35 15
6 36 15
7 36 15
8 36 15
9 36 15
66 36 15
67 36 15
68 36 15
69 36 15
6 37 15
7 37 15
8 37 15
9 37 15
66 37 15
67 37 15
68 37 15
69 37 15
6 38 15
7 38 15
8 38 15
9 38 15
66 38 15
67 38 15
68 38 15
69 38 15
6 39 15
7 39 15
8 39 15
9 39 15
66 39 15
67 39 15
68 39 15
69 39 15
6 40 15
7 40 15
8 40 15
9 40 15
66 40 15
67 40 15
68 40 15
69 40 15
7 41 15
8 41 15
67 41 15
68 41 15
4 42 15
5 42 15
6 42 15
7 42 15
8 42 15
9 42 15
10 42 15
11 42 15
24 42 15
27 42 15
28 42 15
29 42 15
30 42 15
44 42 15
47 42 15
48 42 15
49 42 15
50 42 15
51 42 15
64 42 15
65 42 15
66 42 15
67 42 15
68 42 15
69 42 15
70 42 15
71 42 15
4 43 15
5 43 15
6 43 15
7 43 15
8 43 15
9 43 15
10 43 15
11 43 15
24 43 15
25 43 15
26 43 15
27 43 15
28 43 15
29 43 15
30 43 15
44 43 15
45 43 15
46 43 15
47 43 15
48 43 15
49 43 15
50 43 15
51 43 15
65 43 15
66 43 15
67 43 15
68 43 15
69 43 15
70 43 15
71 43 15
4 44 15
5 44 15
6 44 15
7 44 15
8 44 15
9 44 15
10 44 15
11 44 15
13 44 15
14 44 15
15 44 15
16 44 15
17 44 15
18 44 15
19 44 15
20 44 15
21 44 15
22 44 15
24 44 15
25 44 15
26 44 15
27 44 15
28 44 15
29 44 15
30 44 15
44 44 15
45 44 15
46 44 15
47 44 15
48 44 15
49 44 15
50 44 15
51 44 15
65 44 15
66 44 15
67 44 15
68 44 15
69 44 15
70 44 15
71 44 15
4 45 15
5 45 15
6 45 15
7 45 15
8 45 15
9 45 15
10 45 15
11 45 15
13 45 15
14 45 15
15 45 15
16 45 15
17 45 15
18 45 15
19 45 15
20 45 15
21 45 15
22 45 15
23 45 15
24 45 15
25 45 15
26 45 15
27 45 15
28 45 15
29 45 15
30 45 15
44 45 15
45 45 15
46 45 15
47 45 15
48 45 15
49 45 15
50 45 15
51 45 15
65 45 15
66 45 15
67 45 15
68 45 15
69 45 15
70 45 15
71 45 15
4 46 15
5 46 15
6 46 15
7 46 15
8 46 15
9 46 15
10 46 15
11 46 15
13 46 15
14 46 15
15 46 15
16 46 15
17 46 15
18 46 15
19 46 15
20 46 15
21 46 15
22 46 15
23 46 15
24 46 15
25 46 15
26 46 15
27 46 15
28 46 15
29 46 15
30 46 15
44 46 15
45 46 15
46 46 15
47 46 15
48 46 15
49 46 15
50 46 15
51 46 15
65 46 15
66 46 15
67 46 15
68 46 15
69 46 15
70 46 15
71 46 15
4 47 15
5 47 15
6 47 15
7 47 15
8 47 15
9 47 15
10 47 15
11 47 15
13 47 15
14 47 15
15 47 15
16 47 15
17 47 15
18 47 15
19 47 15
20 47 15
21 47 15
22 47 15
24 47 15
25 47 15
26 47 15
27 47 15
28 47 15
29 47 15
30 47 15
44 47 15
45 47 15
46 47 15
47 47 15
48 47 15
49 47 15
50 47 15
51 47 15
65 47 15
66 47 15
67 47 15
68 47 15
69 47 15
70 47 15
71 47 15
4 48 15
5 48 15
6 48 15
7 48 15
8 48 15
9 48 15
10 48 15
11 48 15
24 48 15
25 48 15
26 48 15
27 48 15
28 48 15
29 48 15
30 48 15
44 48 15
45 48 15
46 48 15
47 48 15
48 48 15
49 48 15
50 48 15
51 48 15
65 48 15
66 48 15
67 48 15
68 48 15
69 48 15
70 48 15
71 48 15
4 49 15
5 49 15
6 49 15
7 49 15
8 49 15
11 49 15
24 49 15
25 49 15
26 49 15
27 49 15
28 49 15
29 49 15
30 49 15
31 49 15
44 49 15
45 49 15
46 49 15
47 49 15
48 49 15
49 49 15
50 49 15
51 49 15
65 49 15
66 49 15
67 49 15
68 49 15
69 49 15
70 49 15
71 49 15
5 2 16
25 2 16
45 2 16
65 22 16
31 23 16
50 29 16
25 42 16
45 42 16
10 49 16
64 1 17
65 1 17
67 1 17
68 1 17
70 1 17
71 1 17
3 2 17
6 2 17
12 2 17
26 2 17
32 2 17
43 2 17
46 2 17
52 2 17
72 2 17
3 3 17
12 3 17
32 3 17
43 3 17
52 3 17
72 3 17
3 5 17
12 5 17
32 5 17
43 5 17
52 5 17
72 5 17
3 6 17
12 6 17
32 6 17
43 6 17
52 6 17
72 6 17
3 8 17
12 8 17
32 8 17
43 8 17
52 8 17
72 8 17
3 9 17
12 9 17
32 9 17
43 9 17
52 9 17
72 9 17
24 10 17
25 10 17
27 10 17
28 10 17
30 10 17
31 10 17
64 10 17
65 10 17
67 10 17
68 10 17
70 10 17
71 10 17
24 21 17
25 21 17
27 21 17
28 21 17
30 21 17
31 21 17
3 22 17
12 22 17
23 22 17
43 22 17
66 22 17
72 22 17
3 23 17
12 23 17
23 23 17
43 23 17
72 23 17
31 24 17
3 25 17
12 25 17
23 25 17
43 25 17
72 25 17
3 26 17
12 26 17
23 26 17
43 26 17
72 26 17
3 28 17
12 28 17
23 28 17
43 28 17
72 28 17
3 29 17
12 29 17
23 29 17
43 29 17
49 29 17
72 29 17
24 30 17
25 30 17
27 30 17
28 30 17
30 30 17
31 30 17
3 42 17
12 42 17
26 42 17
32 42 17
43 42 17
46 42 17
52 42 17
63 42 17
72 42 17
3 43 17
12 43 17
32 43 17
43 43 17
52 43 17
63 43 17
72 43 17
3 45 17
12 45 17
32 45 17
43 45 17
52 45 17
63 45 17
72 45 17
3 46 17
12 46 17
32 46 17
43 46 17
52 46 17
63 46 17
72 46 17
3 48 17
12 48 17
32 48 17
43 48 17
52 48 17
63 48 17
72 48 17
3 49 17
9 49 17
12 49 17
32 49 17
43 49 17
52 49 17
63 49 17
72 49 17
24 50 17
25 50 17
27 50 17
28 50 17
30 50 17
31 50 17
44 50 17
45 50 17
47 50 17
48 50 17
50 50 17
51 50 17
64 50 17
65 50 17
67 50 17
68 50 17
70 50 17
71 50 17
7 2 18
27 2 18
47 2 18
67 22 18
31 25 18
48 29 18
27 42 18
47 42 18
8 49 18
8 2 19
28 2 19
48 2 19
68 22 19
31 26 19
47 29 19
28 42 19
48 42 19
7 49 19
9 2 20
29 2 20
49 2 20
69 22 20
31 27 20
46 29 20
29 42 20
49 42 20
6 49 20
10 2 21
30 2 21
50 2 21
70 22 21
31 28 21
45 29 21
30 42 21
50 42 21
5 49 21
22 0 22
23 0 22
24 0 22
25 0 22
26 0 22
27 0 22
28 0 22
29 0 22
30 0 22
31 0 22
32 0 22
33 0 22
22 1 22
33 1 22
11 2 22
22 2 22
31 2 22
33 2 22
51 2 22
64 2 22
67 2 22
68 2 22
69 2 22
70 2 22
71 2 22
4 3 22
5 3 22
6 3 22
7 3 22
8 3 22
9 3 22
10 3 22
11 3 22
22 3 22
33 3 22
64 3 22
65 3 22
66 3 22
67 3 22
68 3 22
69 3 22
70 3 22
71 3 22
4 4 22
5 4 22
6 4 22
7 4 22
8 4 22
9 4 22
10 4 22
11 4 22
22 4 22
33 4 22
64 4 22
65 4 22
66 4 22
67 4 22
68 4 22
69 4 22
70 4 22
71 4 22
4 5 22
5 5 22
6 5 22
7 5 22
8 5 22
9 5 22
10 5 22
11 5 22
22 5 22
33 5 22
64 5 22
65 5 22
66 5 22
67 5 22
68 5 22
69 5 22
70 5 22
71 5 22
4 6 22
5 6 22
6 6 22
7 6 22
8 6 22
9 6 22
10 6 22
11 6 22
22 6 22
33 6 22
64 6 22
65 6 22
66 6 22
67 6 22
68 6 22
69 6 22
70 6 22
71 6 22
5 7 22
6 7 22
7 7 22
8 7 22
9 7 22
10 7 22
11 7 22
22 7 22
33 7 22
64 7 22
65 7 22
66 7 22
67 7 22
68 7 22
69 7 22
70 7 22
71 7 22
5 8 22
6 8 22
7 8 22
8 8 22
9 8 22
10 8 22
11 8 22
22 8 22
33 8 22
64 8 22
65 8 22
66 8 22
67 8 22
68 8 22
69 8 22
70 8 22
71 8 22
4 9 22
5 9 22
6 9 22
7 9 22
8 9 22
9 9 22
10 9 22
11 9 22
22 9 22
33 9 22
64 9 22
65 9 22
66 9 22
67 9 22
68 9 22
69 9 22
70 9 22
71 9 22
22 10 22
33 10 22
22 11 22
23 11 22
24 11 22
25 11 22
26 11 22
27 11 22
28 11 22
29 11 22
30 11 22
31 11 22
32 11 22
33 11 22
26 12 22
27 12 22
28 12 22
29 12 22
26 13 22
27 13 22
28 13 22
29 13 22
26 14 22
27 14 22
28 14 22
29 14 22
26 15 22
27 15 22
28 15 22
29 15 22
26 16 22
27 16 22
28 16 22
29 16 22
26 17 22
27 17 22
28 17 22
29 17 22
26 18 22
27 18 22
28 18 22
29 18 22
26 19 22
27 19 22
28 19 22
29 19 22
26 20 22
27 20 22
28 20 22
29 20 22
27 21 22
28 21 22
4 22 22
5 22 22
6 22 22
7 22 22
8 22 22
9 22 22
10 22 22
11 22 22
24 22 22
25 22 22
26 22 22
27 22 22
28 22 22
29 22 22
30 22 22
44 22 22
47 22 22
48 22 22
49 22 22
50 22 22
51 22 22
71 22 22
4 23 22
5 23 22
6 23 22
7 23 22
8 23 22
9 23 22
10 23 22
24 23 22
25 23 22
26 23 22
27 23 22
28 23 22
29 23 22
30 23 22
44 23 22
45 23 22
46 23 22
47 23 22
48 23 22
49 23 22
50 23 22
51 23 22
64 23 22
65 23 22
66 23 22
67 23 22
68 23 22
69 23 22
70 23 22
4 24 22
5 24 22
6 24 22
7 24 22
8 24 22
9 24 22
10 24 22
24 24 22
25 24 22
26 24 22
27 24 22
28 24 22
29 24 22
30 24 22
44 24 22
45 24 22
46 24 22
47 24 22
48 24 22
49 24 22
50 24 22
51 24 22
64 24 22
65 24 22
66 24 22
67 24 22
68 24 22
69 24 22
70 24 22
4 25 22
5 25 22
6 25 22
7 25 22
8 25 22
9 25 22
10 25 22
11 25 22
24 25 22
25 25 22
26 25 22
27 25 22
28 25 22
29 25 22
30 25 22
44 25 22
45 25 22
46 25 22
47 25 22
48 25 22
49 25 22
50 25 22
51 25 22
64 25 22
65 25 22
66 25 22
67 25 22
68 25 22
69 25 22
70 25 22
71 25 22
4 26 22
5 26 22
6 26 22
7 26 22
8 26 22
9 26 22
10 26 22
11 26 22
24 26 22
25 26 22
26 26 22
27 26 22
28 26 22
29 26 22
30 26 22
44 26 22
45 26 22
46 26 22
47 26 22
48 26 22
49 26 22
50 26 22
51 26 22
64 26 22
65 26 22
66 26 22
67 26 22
68 26 22
69 26 22
70 26 22
71 26 22
4 27 22
5 27 22
6 27 22
7 27 22
8 27 22
9 27 22
10 27 22
11 27 22
24 27 22
25 27 22
26 27 22
27 27 22
28 27 22
29 27 22
30 27 22
44 27 22
45 27 22
46 27 22
47 27 22
48 27 22
49 27 22
50 27 22
51 27 22
64 27 22
65 27 22
66 27 22
67 27 22
68 27 22
69 27 22
70 27 22
71 27 22
4 28 22
5 28 22
6 28 22
7 28 22
8 28 22
9 28 22
10 28 22
11 28 22
24 28 22
25 28 22
26 28 22
27 28 22
28 28 22
29 28 22
30 28 22
44 28 22
45 28 22
46 28 22
47 28 22
48 28 22
49 28 22
50 28 22
51 28 22
64 28 22
65 28 22
66 28 22
67 28 22
68 28 22
69 28 22
70 28 22
71 28 22
4 29 22
5 29 22
6 29 22
7 29 22
8 29 22
9 29 22
10 29 22
11 29 22
24 29 22
25 29 22
26 29 22
27 29 22
28 29 22
31 29 22
44 29 22
64 29 22
65 29 22
66 29 22
67 29 22
68 29 22
69 29 22
70 29 22
71 29 22
6 31 22
7 31 22
8 31 22
9 31 22
66 31 22
67 31 22
68 31 22
69 31 22
6 32 22
7 32 22
8 32 22
9 32 22
66 32 22
67 32 22
68 32 22
69 32 22
6 33 22
7 33 22
8 33 22
9 33 22
66 33 22
67 33 22
68 33 22
69 33 22
6 34 22
7 34 22
8 34 22
9 34 22
66 34 22
67 34 22
68 34 22
69 34 22
6 35 22
7 35 22
8 35 22
9 35 22
66 35 22
67 35 22
68 35 22
69 35 22
6 36 22
7 36 22
8 36 22
9 36 22
66 36 22
67 36 22
68 36 22
69 36 22
6 37 22
7 37 22
8 37 22
9 37 22
66 37 22
67 37 22
68 37 22
69 37 22
6 38 22
7 38 22
8 38 22
9 38 22
66 38 22
67 38 22
68 38 22
69 38 22
6 39 22
7 39 22
8 39 22
9 39 22
66 39 22
67 39 22
68 39 22
69 39 22
6 40 22
7 40 22
8 40 22
9 40 22
62 40 22
63 40 22
64 40 22
65 40 22
66 40 22
67 40 22
68 40 22
69 40 22
70 40 22
71 40 22
72 40 22
73 40 22
62 41 22
67 41 22
68 41 22
73 41 22
4 42 22
5 42 22
6 42 22
7 42 22
8 42 22
9 42 22
10 42 22
11 42 22
31 42 22
51 42 22
62 42 22
64 42 22
65 42 22
66 42 22
67 42 22
68 42 22
69 42 22
70 42 22
71 42 22
73 42 22
4 43 22
5 43 22
6 43 22
7 43 22
8 43 22
9 43 22
10 43 22
11 43 22
44 43 22
45 43 22
46 43 22
47 43 22
48 43 22
49 43 22
50 43 22
51 43 22
62 43 22
64 43 22
71 43 22
73 43 22
4 44 22
5 44 22
6 44 22
7 44 22
8 44 22
9 44 22
10 44 22
11 44 22
44 44 22
45 44 22
46 44 22
47 44 22
48 44 22
49 44 22
50 44 22
51 44 22
53 44 22
54 44 22
55 44 22
56 44 22
57 44 22
58 44 22
59 44 22
60 44 22
61 44 22
62 44 22
64 44 22
71 44 22
73 44 22
4 45 22
5 45 22
6 45 22
7 45 22
8 45 22
9 45 22
10 45 22
11 45 22
44 45 22
45 45 22
46 45 22
47 45 22
48 45 22
49 45 22
50 45 22
51 45 22
52 45 22
53 45 22
54 45 22
55 45 22
56 45 22
57 45 22
58 45 22
59 45 22
60 45 22
61 45 22
62 45 22
63 45 22
64 45 22
71 45 22
73 45 22
4 46 22
5 46 22
6 46 22
7 46 22
8 46 22
9 46 22
10 46 22
11 46 22
44 46 22
45 46 22
46 46 22
47 46 22
48 46 22
49 46 22
50 46 22
51 46 22
52 46 22
53 46 22
54 46 22
55 46 22
56 46 22
57 46 22
58 46 22
59 46 22
60 46 22
61 46 22
62 46 22
63 46 22
64 46 22
71 46 22
73 46 22
4 47 22
5 47 22
6 47 22
7 47 22
8 47 22
9 47 22
10 47 22
11 47 22
44 47 22
45 47 22
46 47 22
47 47 22
48 47 22
49 47 22
50 47 22
51 47 22
53 47 22
54 47 22
55 47 22
56 47 22
57 47 22
58 47 22
59 47 22
60 47 22
61 47 22
62 47 22
64 47 22
71 47 22
73 47 22
4 48 22
5 48 22
6 48 22
7 48 22
8 48 22
9 48 22
10 48 22
11 48 22
44 48 22
45 48 22
46 48 22
47 48 22
48 48 22
49 48 22
50 48 22
51 48 22
62 48 22
64 48 22
71 48 22
73 48 22
4 49 22
11 49 22
44 49 22
45 49 22
46 49 22
47 49 22
48 49 22
51 49 22
62 49 22
64 49 22
65 49 22
66 49 22
67 49 22
68 49 22
69 49 22
70 49 22
71 49 22
73 49 22
62 50 22
73 50 22
62 51 22
63 51 22
64 51 22
65 51 22
66 51 22
67 51 22
68 51 22
69 51 22
70 51 22
71 51 22
72 51 22
73 51 22
65 2 23
31 3 23
51 3 23
4 8 23
45 22 23
11 23 23
71 23 23
30 29 23
31 43 23
10 49 23
50 49 23
4 1 24
5 1 24
7 1 24
8 1 24
10 1 24
11 1 24
24 1 24
25 1 24
27 1 24
28 1 24
30 1 24
31 1 24
44 1 24
45 1 24
47 1 24
48 1 24
50 1 24
51 1 24
12 2 24
23 2 24
43 2 24
63 2 24
66 2 24
72 2 24
12 3 24
23 3 24
43 3 24
63 3 24
72 3 24
31 4 24
51 4 24
12 5 24
23 5 24
43 5 24
63 5 24
72 5 24
12 6 24
23 6 24
43 6 24
63 6 24
72 6 24
4 7 24
12 8 24
23 8 24
43 8 24
63 8 24
72 8 24
12 9 24
23 9 24
43 9 24
63 9 24
72 9 24
4 10 24
5 10 24
7 10 24
8 10 24
10 10 24
11 10 24
24 10 24
25 10 24
27 10 24
28 10 24
30 10 24
31 10 24
44 10 24
45 10 24
47 10 24
48 10 24
50 10 24
51 10 24
64 10 24
65 10 24
67 10 24
68 10 24
70 10 24
71 10 24
4 21 24
5 21 24
7 21 24
8 21 24
10 21 24
11 21 24
64 21 24
65 21 24
67 21 24
68 21 24
70 21 24
71 21 24
3 22 24
23 22 24
32 22 24
43 22 24
46 22 24
52 22 24
63 22 24
3 23 24
23 23 24
32 23 24
43 23 24
52 23 24
63 23 24
11 24 24
71 24 24
3 25 24
23 25 24
32 25 24
43 25 24
52 25 24
63 25 24
3 26 24
23 26 24
32 26 24
43 26 24
52 26 24
63 26 24
3 28 24
23 28 24
32 28 24
43 28 24
52 28 24
63 28 24
3 29 24
23 29 24
29 29 24
32 29 24
43 29 24
52 29 24
63 29 24
4 30 24
5 30 24
7 30 24
8 30 24
10 30 24
11 30 24
44 30 24
45 30 24
47 30 24
48 30 24
50 30 24
51 30 24
64 30 24
65 30 24
67 30 24
68 30 24
70 30 24
71 30 24
4 41 24
5 41 24
7 41 24
8 41 24
10 41 24
11 41 24
24 41 24
25 41 24
27 41 24
28 41 24
30 41 24
31 41 24
44 41 24
45 41 24
47 41 24
48 41 24
50 41 24
51 41 24
3 42 24
12 42 24
23 42 24
43 42 24
72 42 24
3 43 24
12 43 24
23 43 24
43 43 24
72 43 24
31 44 24
3 45 24
12 45 24
23 45 24
43 45 24
72 45 24
3 46 24
12 46 24
23 46 24
43 46 24
72 46 24
3 48 24
12 48 24
23 48 24
43 48 24
72 48 24
3 49 24
9 49 24
12 49 24
23 49 24
43 49 24
49 49 24
72 49 24
24 50 24
25 50 24
27 50 24
28 50 24
30 50 24
31 50 24
64 50 24
65 50 24
67 50 24
68 50 24
70 50 24
71 50 24
67 2 25
31 5 25
51 5 25
4 6 25
47 22 25
11 25 25
71 25 25
28 29 25
31 45 25
8 49 25
48 49 25
68 2 26
4 5 26
31 6 26
51 6 26
48 22 26
11 26 26
71 26 26
27 29 26
31 46 26
7 49 26
47 49 26
69 2 27
4 4 27
31 7 27
51 7 27
49 22 27
11 27 27
71 27 27
26 29 27
31 47 27
6 49 27
46 49 27
70 2 28
4 3 28
31 8 28
51 8 28
50 22 28
11 28 28
71 28 28
25 29 28
31 48 28
5 49 28
45 49 28
4 2 29
5 2 29
6 2 29
7 2 29
8 2 29
9 2 29
10 2 29
11 2 29
24 2 29
25 2 29
26 2 29
27 2 29
28 2 29
29 2 29
30 2 29
44 2 29
45 2 29
46 2 29
47 2 29
48 2 29
49 2 29
50 2 29
51 2 29
71 2 29
5 3 29
6 3 29
7 3 29
8 3 29
9 3 29
10 3 29
11 3 29
24 3 29
25 3 29
26 3 29
27 3 29
28 3 29
29 3 29
30 3 29
44 3 29
45 3 29
46 3 29
47 3 29
48 3 29
49 3 29
50 3 29
64 3 29
65 3 29
66 3 29
67 3 29
68 3 29
69 3 29
70 3 29
71 3 29
5 4 29
6 4 29
7 4 29
8 4 29
9 4 29
10 4 29
11 4 29
24 4 29
25 4 29
26 4 29
27 4 29
28 4 29
29 4 29
30 4 29
44 4 29
45 4 29
46 4 29
47 4 29
48 4 29
49 4 29
50 4 29
64 4 29
65 4 29
66 4 29
67 4 29
68 4 29
69 4 29
70 4 29
71 4 29
5 5 29
6 5 29
7 5 29
8 5 29
9 5 29
10 5 29
11 5 29
24 5 29
25 5 29
26 5 29
27 5 29
28 5 29
29 5 29
30 5 29
44 5 29
45 5 29
46 5 29
47 5 29
48 5 29
49 5 29
50 5 29
64 5 29
65 5 29
66 5 29
67 5 29
68 5 29
69 5 29
70 5 29
71 5 29
5 6 29
6 6 29
7 6 29
8 6 29
9 6 29
10 6 29
11 6 29
24 6 29
25 6 29
26 6 29
27 6 29
28 6 29
29 6 29
30 6 29
44 6 29
45 6 29
46 6 29
47 6 29
48 6 29
49 6 29
50 6 29
64 6 29
65 6 29
66 6 29
67 6 29
68 6 29
69 6 29
70 6 29
71 6 29
5 7 29
6 7 29
7 7 29
8 7 29
9 7 29
10 7 29
11 7 29
24 7 29
25 7 29
26 7 29
27 7 29
28 7 29
29 7 29
30 7 29
44 7 29
45 7 29
46 7 29
47 7 29
48 7 29
49 7 29
50 7 29
64 7 29
65 7 29
66 7 29
67 7 29
68 7 29
69 7 29
70 7 29
71 7 29
5 8 29
6 8 29
7 8 29
8 8 29
9 8 29
10 8 29
11 8 29
24 8 29
25 8 29
26 8 29
27 8 29
28 8 29
29 8 29
30 8 29
44 8 29
45 8 29
46 8 29
47 8 29
48 8 29
49 8 29
50 8 29
64 8 29
65 8 29
66 8 29
67 8 29
68 8 29
69 8 29
70 8 29
71 8 29
5 9 29
6 9 29
7 9 29
8 9 29
9 9 29
10 9 29
11 9 29
24 9 29
25 9 29
26 9 29
27 9 29
28 9 29
29 9 29
30 9 29
31 9 29
44 9 29
45 9 29
46 9 29
47 9 29
48 9 29
49 9 29
50 9 29
51 9 29
64 9 29
65 9 29
66 9 29
67 9 29
68 9 29
69 9 29
70 9 29
71 9 29
7 10 29
8 10 29
6 11 29
7 11 29
8 11 29
9 11 29
46 11 29
47 11 29
48 11 29
49 11 29
6 12 29
7 12 29
8 12 29
9 12 29
46 12 29
47 12 29
48 12 29
49 12 29
6 13 29
7 13 29
8 13 29
9 13 29
46 13 29
47 13 29
48 13 29
49 13 29
6 14 29
7 14 29
8 14 29
9 14 29
46 14 29
47 14 29
48 14 29
49 14 29
6 15 29
7 15 29
8 15 29
9 15 29
46 15 29
47 15 29
48 15 29
49 15 29
6 16 29
7 16 29
8 16 29
9 16 29
46 16 29
47 16 29
48 16 29
49 16 29
6 17 29
7 17 29
8 17 29
9 17 29
46 17 29
47 17 29
48 17 29
49 17 29
6 18 29
7 18 29
8 18 29
9 18 29
46 18 29
47 18 29
48 18 29
49 18 29
6 19 29
7 19 29
8 19 29
9 19 29
46 19 29
47 19 29
48 19 29
49 19 29
2 20 29
3 20 29
4 20 29
5 20 29
6 20 29
7 20 29
8 20 29
9 20 29
10 20 29
11 20 29
12 20 29
13 20 29
42 20 29
43 20 29
44 20 29
45 20 29
46 20 29
47 20 29
48 20 29
49 20 29
50 20 29
51 20 29
52 20 29
53 20 29
2 21 29
7 21 29
8 21 29
13 21 29
42 21 29
53 21 29
2 22 29
4 22 29
5 22 29
6 22 29
7 22 29
8 22 29
9 22 29
10 22 29
13 22 29
24 22 29
25 22 29
26 22 29
27 22 29
28 22 29
29 22 29
30 22 29
31 22 29
42 22 29
51 22 29
53 22 29
64 22 29
65 22 29
66 22 29
67 22 29
68 22 29
69 22 29
70 22 29
2 23 29
4 23 29
5 23 29
6 23 29
7 23 29
8 23 29
9 23 29
10 23 29
13 23 29
24 23 29
25 23 29
26 23 29
27 23 29
28 23 29
29 23 29
30 23 29
42 23 29
44 23 29
53 23 29
64 23 29
65 23 29
66 23 29
67 23 29
68 23 29
69 23 29
70 23 29
2 24 29
4 24 29
5 24 29
6 24 29
7 24 29
8 24 29
9 24 29
10 24 29
13 24 29
14 24 29
15 24 29
16 24 29
17 24 29
18 24 29
19 24 29
20 24 29
21 24 29
22 24 29
24 24 29
25 24 29
26 24 29
27 24 29
28 24 29
29 24 29
30 24 29
42 24 29
44 24 29
53 24 29
64 24 29
65 24 29
66 24 29
67 24 29
68 24 29
69 24 29
70 24 29
2 25 29
4 25 29
5 25 29
6 25 29
7 25 29
8 25 29
9 25 29
10 25 29
13 25 29
14 25 29
15 25 29
16 25 29
17 25 29
18 25 29
19 25 29
20 25 29
21 25 29
22 25 29
24 25 29
25 25 29
26 25 29
27 25 29
28 25 29
29 25 29
30 25 29
31 25 29
42 25 29
44 25 29
51 25 29
53 25 29
64 25 29
65 25 29
66 25 29
67 25 29
68 25 29
69 25 29
70 25 29
2 26 29
4 26 29
5 26 29
6 26 29
7 26 29
8 26 29
9 26 29
10 26 29
13 26 29
14 26 29
15 26 29
16 26 29
17 26 29
18 26 29
19 26 29
20 26 29
21 26 29
22 26 29
24 26 29
25 26 29
26 26 29
27 26 29
28 26 29
29 26 29
30 26 29
31 26 29
42 26 29
44 26 29
51 26 29
53 26 29
64 26 29
65 26 29
66 26 29
67 26 29
68 26 29
69 26 29
70 26 29
2 27 29
4 27 29
5 27 29
6 27 29
7 27 29
8 27 29
9 27 29
10 27 29
13 27 29
14 27 29
15 27 29
16 27 29
17 27 29
18 27 29
19 27 29
20 27 29
21 27 29
22 27 29
24 27 29
25 27 29
26 27 29
27 27 29
28 27 29
29 27 29
30 27 29
31 27 29
42 27 29
44 27 29
51 27 29
53 27 29
64 27 29
65 27 29
66 27 29
67 27 29
68 27 29
69 27 29
70 27 29
2 28 29
4 28 29
5 28 29
6 28 29
7 28 29
8 28 29
9 28 29
10 28 29
13 28 29
24 28 29
25 28 29
26 28 29
27 28 29
28 28 29
29 28 29
30 28 29
31 28 29
42 28 29
44 28 29
51 28 29
53 28 29
64 28 29
65 28 29
66 28 29
67 28 29
68 28 29
69 28 29
70 28 29
2 29 29
4 29 29
5 29 29
6 29 29
7 29 29
8 29 29
9 29 29
10 29 29
11 29 29
13 29 29
24 29 29
42 29 29
44 29 29
45 29 29
46 29 29
47 29 29
48 29 29
49 29 29
50 29 29
51 29 29
53 29 29
64 29 29
65 29 29
66 29 29
67 29 29
68 29 29
69 29 29
70 29 29
71 29 29
2 30 29
7 30 29
8 30 29
13 30 29
42 30 29
47 30 29
48 30 29
53 30 29
2 31 29
3 31 29
4 31 29
5 31 29
6 31 29
7 31 29
8 31 29
9 31 29
10 31 29
11 31 29
12 31 29
13 31 29
42 31 29
43 31 29
44 31 29
45 31 29
46 31 29
47 31 29
48 31 29
49 31 29
50 31 29
51 31 29
52 31 29
53 31 29
7 32 29
8 32 29
46 32 29
47 32 29
48 32 29
49 32 29
7 33 29
8 33 29
46 33 29
47 33 29
48 33 29
49 33 29
7 34 29
8 34 29
46 34 29
47 34 29
48 34 29
49 34 29
7 35 29
8 35 29
46 35 29
47 35 29
48 35 29
49 35 29
7 36 29
8 36 29
46 36 29
47 36 29
48 36 29
49 36 29
7 37 29
8 37 29
46 37 29
47 37 29
48 37 29
49 37 29
7 38 29
8 38 29
46 38 29
47 38 29
48 38 29
49 38 29
7 39 29
8 39 29
46 39 29
47 39 29
48 39 29
49 39 29
2 40 29
3 40 29
4 40 29
5 40 29
6 40 29
7 40 29
8 40 29
9 40 29
10 40 29
11 40 29
12 40 29
13 40 29
42 40 29
43 40 29
44 40 29
45 40 29
46 40 29
47 40 29
48 40 29
49 40 29
50 40 29
51 40 29
52 40 29
53 40 29
2 41 29
13 41 29
42 41 29
47 41 29
48 41 29
53 41 29
2 42 29
4 42 29
5 42 29
6 42 29
7 42 29
8 42 29
9 42 29
10 42 29
11 42 29
13 42 29
24 42 29
25 42 29
26 42 29
27 42 29
28 42 29
29 42 29
30 42 29
42 42 29
44 42 29
45 42 29
46 42 29
47 42 29
48 42 29
49 42 29
50 42 29
51 42 29
53 42 29
64 42 29
65 42 29
66 42 29
67 42 29
68 42 29
69 42 29
70 42 29
71 42 29
2 43 29
4 43 29
5 43 29
6 43 29
7 43 29
8 43 29
9 43 29
10 43 29
11 43 29
13 43 29
24 43 29
25 43 29
26 43 29
27 43 29
28 43 29
29 43 29
30 43 29
42 43 29
44 43 29
45 43 29
46 43 29
47 43 29
48 43 29
49 43 29
50 43 29
51 43 29
53 43 29
64 43 29
65 43 29
66 43 29
67 43 29
68 43 29
69 43 29
70 43 29
2 44 29
4 44 29
5 44 29
6 44 29
7 44 29
8 44 29
9 44 29
10 44 29
11 44 29
13 44 29
14 44 29
15 44 29
16 44 29
17 44 29
18 44 29
19 44 29
20 44 29
21 44 29
22 44 29
24 44 29
25 44 29
26 44 29
27 44 29
28 44 29
29 44 29
30 44 29
42 44 29
44 44 29
45 44 29
46 44 29
47 44 29
48 44 29
49 44 29
50 44 29
51 44 29
53 44 29
54 44 29
55 44 29
56 44 29
57 44 29
58 44 29
59 44 29
60 44 29
61 44 29
62 44 29
64 44 29
65 44 29
66 44 29
67 44 29
68 44 29
69 44 29
70 44 29
2 45 29
4 45 29
5 45 29
6 45 29
7 45 29
8 45 29
9 45 29
10 45 29
11 45 29
13 45 29
14 45 29
15 45 29
16 45 29
17 45 29
18 45 29
19 45 29
20 45 29
21 45 29
22 45 29
23 45 29
24 45 29
25 45 29
26 45 29
27 45 29
28 45 29
29 45 29
30 45 29
42 45 29
44 45 29
45 45 29
46 45 29
47 45 29
48 45 29
49 45 29
50 45 29
51 45 29
52 45 29
53 45 29
54 45 29
55 45 29
56 45 29
57 45 29
58 45 29
59 45 29
60 45 29
61 45 29
62 45 29
63 45 29
64 45 29
65 45 29
66 45 29
67 45 29
68 45 29
69 45 29
70 45 29
71 45 29
2 46 29
4 46 29
5 46 29
6 46 29
7 46 29
8 46 29
9 46 29
10 46 29
11 46 29
13 46 29
14 46 29
15 46 29
16 46 29
17 46 29
18 46 29
19 46 29
20 46 29
21 46 29
22 46 29
23 46 29
24 46 29
25 46 29
26 46 29
27 46 29
28 46 29
29 46 29
30 46 29
42 46 29
44 46 29
45 46 29
46 46 29
47 46 29
48 46 29
49 46 29
50 46 29
51 46 29
52 46 29
53 46 29
54 46 29
55 46 29
56 46 29
57 46 29
58 46 29
59 46 29
60 46 29
61 46 29
62 46 29
63 46 29
64 46 29
65 46 29
66 46 29
67 46 29
68 46 29
69 46 29
70 46 29
71 46 29
2 47 29
4 47 29
5 47 29
6 47 29
7 47 29
8 47 29
9 47 29
10 47 29
11 47 29
13 47 29
14 47 29
15 47 29
16 47 29
17 47 29
18 47 29
19 47 29
20 47 29
21 47 29
22 47 29
24 47 29
25 47 29
26 47 29
27 47 29
28 47 29
29 47 29
30 47 29
42 47 29
44 47 29
45 47 29
46 47 29
47 47 29
48 47 29
49 47 29
50 47 29
51 47 29
53 47 29
54 47 29
55 47 29
56 47 29
57 47 29
58 47 29
59 47 29
60 47 29
61 47 29
62 47 29
64 47 29
65 47 29
66 47 29
67 47 29
68 47 29
69 47 29
70 47 29
71 47 29
2 48 29
4 48 29
5 48 29
6 48 29
7 48 29
8 48 29
9 48 29
10 48 29
11 48 29
13 48 29
24 48 29
25 48 29
26 48 29
27 48 29
28 48 29
29 48 29
30 48 29
42 48 29
44 48 29
45 48 29
46 48 29
47 48 29
48 48 29
49 48 29
50 48 29
51 48 29
53 48 29
64 48 29
65 48 29
66 48 29
67 48 29
68 48 29
69 48 29
70 48 29
71 48 29
2 49 29
4 49 29
11 49 29
13 49 29
24 49 29
25 49 29
26 49 29
27 49 29
28 49 29
31 49 29
42 49 29
44 49 29
53 49 29
64 49 29
65 49 29
66 49 29
67 49 29
68 49 29
69 49 29
70 49 29
71 49 29
2 50 29
13 50 29
42 50 29
53 50 29
2 51 29
3 51 29
4 51 29
5 51 29
6 51 29
7 51 29
8 51 29
9 51 29
10 51 29
11 51 29
12 51 29
13 51 29
42 51 29
43 51 29
44 51 29
45 51 29
46 51 29
47 51 29
48 51 29
49 51 29
50 51 29
51 51 29
52 51 29
53 51 29
23 1 30
24 1 30
25 1 30
26 1 30
27 1 30
28 1 30
29 1 30
30 1 30
31 1 30
32 1 30
63 1 30
64 1 30
65 1 30
66 1 30
67 1 30
68 1 30
69 1 30
70 1 30
71 1 30
72 1 30
23 2 30
32 2 30
63 2 30
72 2 30
23 3 30
32 3 30
51 3 30
63 3 30
72 3 30
23 4 30
32 4 30
63 4 30
72 4 30
23 5 30
32 5 30
63 5 30
72 5 30
23 6 30
32 6 30
63 6 30
72 6 30
23 7 30
32 7 30
63 7 30
72 7 30
23 8 30
32 8 30
63 8 30
72 8 30
23 9 30
32 9 30
63 9 30
72 9 30
23 10 30
24 10 30
25 10 30
26 10 30
27 10 30
28 10 30
29 10 30
30 10 30
31 10 30
32 10 30
63 10 30
64 10 30
65 10 30
66 10 30
67 10 30
68 10 30
69 10 30
70 10 30
71 10 30
72 10 30
63 21 30
64 21 30
65 21 30
66 21 30
67 21 30
68 21 30
69 21 30
70 21 30
71 21 30
72 21 30
63 22 30
72 22 30
31 23 30
51 23 30
63 23 30
72 23 30
63 24 30
72 24 30
63 25 30
72 25 30
63 26 30
72 26 30
63 27 30
72 27 30
63 28 30
72 28 30
63 29 30
72 29 30
63 30 30
64 30 30
65 30 30
66 30 30
67 30 30
68 30 30
69 30 30
70 30 30
71 30 30
72 30 30
71 43 30
10 49 30
30 49 30
4 1 31
5 1 31
7 1 31
8 1 31
10 1 31
11 1 31
44 1 31
45 1 31
47 1 31
48 1 31
50 1 31
51 1 31
3 2 31
12 2 31
43 2 31
3 3 31
12 3 31
43 3 31
51 4 31
3 5 31
12 5 31
43 5 31
3 6 31
12 6 31
43 6 31
3 8 31
12 8 31
43 8 31
3 9 31
12 9 31
43 9 31
44 10 31
45 10 31
47 10 31
48 10 31
50 10 31
51 10 31
24 21 31
25 21 31
27 21 31
28 21 31
30 21 31
31 21 31
44 21 31
45 21 31
47 21 31
48 21 31
50 21 31
51 21 31
3 22 31
12 22 31
23 22 31
43 22 31
3 23 31
12 23 31
23 23 31
43 23 31
31 24 31
51 24 31
3 25 31
12 25 31
23 25 31
43 25 31
3 26 31
12 26 31
23 26 31
43 26 31
3 28 31
12 28 31
23 28 31
43 28 31
3 29 31
12 29 31
23 29 31
43 29 31
24 30 31
25 30 31
27 30 31
28 30 31
30 30 31
31 30 31
4 41 31
5 41 31
7 41 31
8 41 31
10 41 31
11 41 31
24 41 31
25 41 31
27 41 31
28 41 31
30 41 31
31 41 31
64 41 31
65 41 31
67 41 31
68 41 31
70 41 31
71 41 31
3 42 31
12 42 31
32 42 31
43 42 31
3 43 31
12 43 31
32 43 31
43 43 31
71 44 31
3 45 31
12 45 31
32 45 31
43 45 31
3 46 31
12 46 31
32 46 31
43 46 31
3 48 31
12 48 31
32 48 31
43 48 31
3 49 31
9 49 31
12 49 31
29 49 31
32 49 31
43 49 31
44 50 31
45 50 31
47 50 31
48 50 31
50 50 31
51 50 31
64 50 31
65 50 31
67 50 31
68 50 31
70 50 31
71 50 31
51 5 32
31 25 32
51 25 32
71 45 32
8 49 32
28 49 32
51 6 33
31 26 33
51 26 33
71 46 33
7 49 33
27 49 33
51 7 34
31 27 34
51 27 34
71 47 34
6 49 34
26 49 34
51 8 35
31 28 35
51 28 35
71 48 35
5 49 35
25 49 35
4 2 36
5 2 36
6 2 36
7 2 36
8 2 36
9 2 36
10 2 36
11 2 36
44 2 36
45 2 36
46 2 36
47 2 36
48 2 36
49 2 36
50 2 36
4 3 36
5 3 36
6 3 36
7 3 36
8 3 36
9 3 36
10 3 36
11 3 36
44 3 36
45 3 36
46 3 36
47 3 36
48 3 36
49 3 36
50 3 36
4 4 36
5 4 36
6 4 36
7 4 36
8 4 36
9 4 36
10 4 36
11 4 36
44 4 36
45 4 36
46 4 36
47 4 36
48 4 36
49 4 36
50 4 36
4 5 36
5 5 36
6 5 36
7 5 36
8 5 36
9 5 36
10 5 36
11 5 36
44 5 36
45 5 36
46 5 36
47 5 36
48 5 36
49 5 36
50 5 36
4 6 36
5 6 36
6 6 36
7 6 36
8 6 36
9 6 36
10 6 36
11 6 36
44 6 36
45 6 36
46 6 36
47 6 36
48 6 36
49 6 36
50 6 36
4 7 36
5 7 36
6 7 36
7 7 36
8 7 36
9 7 36
10 7 36
11 7 36
44 7 36
45 7 36
46 7 36
47 7 36
48 7 36
49 7 36
50 7 36
4 8 36
5 8 36
6 8 36
7 8 36
8 8 36
9 8 36
10 8 36
11 8 36
44 8 36
45 8 36
46 8 36
47 8 36
48 8 36
49 8 36
50 8 36
4 9 36
5 9 36
6 9 36
7 9 36
8 9 36
9 9 36
10 9 36
11 9 36
44 9 36
45 9 36
46 9 36
47 9 36
48 9 36
49 9 36
50 9 36
51 9 36
42 20 36
43 20 36
44 20 36
45 20 36
46 20 36
47 20 36
48 20 36
49 20 36
50 20 36
51 20 36
52 20 36
53 20 36
42 21 36
53 21 36
4 22 36
5 22 36
6 22 36
7 22 36
8 22 36
9 22 36
10 22 36
11 22 36
24 22 36
25 22 36
26 22 36
27 22 36
28 22 36
29 22 36
30 22 36
31 22 36
42 22 36
44 22 36
45 22 36
46 22 36
47 22 36
48 22 36
49 22 36
50 22 36
53 22 36
4 23 36
5 23 36
6 23 36
7 23 36
8 23 36
9 23 36
10 23 36
11 23 36
24 23 36
25 23 36
26 23 36
27 23 36
28 23 36
29 23 36
30 23 36
42 23 36
44 23 36
45 23 36
46 23 36
47 23 36
48 23 36
49 23 36
50 23 36
53 23 36
4 24 36
5 24 36
6 24 36
7 24 36
8 24 36
9 24 36
10 24 36
11 24 36
24 24 36
25 24 36
26 24 36
27 24 36
28 24 36
29 24 36
30 24 36
42 24 36
44 24 36
45 24 36
46 24 36
47 24 36
48 24 36
49 24 36
50 24 36
53 24 36
4 25 36
5 25 36
6 25 36
7 25 36
8 25 36
9 25 36
10 25 36
11 25 36
24 25 36
25 25 36
26 25 36
27 25 36
28 25 36
29 25 36
30 25 36
42 25 36
44 25 36
45 25 36
46 25 36
47 25 36
48 25 36
49 25 36
50 25 36
53 25 36
4 26 36
5 26 36
6 26 36
7 26 36
8 26 36
9 26 36
10 26 36
11 26 36
24 26 36
25 26 36
26 26 36
27 26 36
28 26 36
29 26 36
30 26 36
42 26 36
44 26 36
45 26 36
46 26 36
47 26 36
48 26 36
49 26 36
50 26 36
53 26 36
4 27 36
5 27 36
6 27 36
7 27 36
8 27 36
9 27 36
10 27 36
11 27 36
24 27 36
25 27 36
26 27 36
27 27 36
28 27 36
29 27 36
30 27 36
42 27 36
44 27 36
45 27 36
46 27 36
47 27 36
48 27 36
49 27 36
50 27 36
53 27 36
4 28 36
5 28 36
6 28 36
7 28 36
8 28 36
9 28 36
10 28 36
11 28 36
24 28 36
25 28 36
26 28 36
27 28 36
28 28 36
29 28 36
30 28 36
42 28 36
44 28 36
45 28 36
46 28 36
47 28 36
48 28 36
49 28 36
50 28 36
53 28 36
4 29 36
5 29 36
6 29 36
7 29 36
8 29 36
9 29 36
10 29 36
11 29 36
24 29 36
25 29 36
26 29 36
27 29 36
28 29 36
29 29 36
30 29 36
31 29 36
42 29 36
44 29 36
45 29 36
46 29 36
47 29 36
48 29 36
51 29 36
53 29 36
42 30 36
53 30 36
42 31 36
43 31 36
44 31 36
45 31 36
46 31 36
47 31 36
48 31 36
49 31 36
50 31 36
51 31 36
52 31 36
53 31 36
4 42 36
5 42 36
6 42 36
7 42 36
8 42 36
9 42 36
10 42 36
11 42 36
24 42 36
25 42 36
26 42 36
27 42 36
28 42 36
29 42 36
30 42 36
31 42 36
44 42 36
45 42 36
46 42 36
47 42 36
48 42 36
49 42 36
50 42 36
51 42 36
64 42 36
65 42 36
66 42 36
67 42 36
68 42 36
69 42 36
70 42 36
4 43 36
5 43 36
6 43 36
7 43 36
8 43 36
9 43 36
10 43 36
11 43 36
24 43 36
25 43 36
26 43 36
27 43 36
28 43 36
29 43 36
30 43 36
31 43 36
44 43 36
45 43 36
46 43 36
47 43 36
48 43 36
49 43 36
50 43 36
51 43 36
64 43 36
65 43 36
66 43 36
67 43 36
68 43 36
69 43 36
70 43 36
4 44 36
5 44 36
6 44 36
7 44 36
8 44 36
9 44 36
10 44 36
11 44 36
24 44 36
25 44 36
26 44 36
27 44 36
28 44 36
29 44 36
30 44 36
31 44 36
44 44 36
45 44 36
46 44 36
47 44 36
48 44 36
49 44 36
50 44 36
51 44 36
64 44 36
65 44 36
66 44 36
67 44 36
68 44 36
69 44 36
70 44 36
4 45 36
5 45 36
6 45 36
7 45 36
8 45 36
9 45 36
10 45 36
11 45 36
24 45 36
25 45 36
26 45 36
27 45 36
28 45 36
29 45 36
30 45 36
31 45 36
44 45 36
45 45 36
46 45 36
47 45 36
48 45 36
49 45 36
50 45 36
51 45 36
64 45 36
65 45 36
66 45 36
67 45 36
68 45 36
69 45 36
70 45 36
4 46 36
5 46 36
6 46 36
7 46 36
8 46 36
9 46 36
10 46 36
11 46 36
24 46 36
25 46 36
26 46 36
27 46 36
28 46 36
29 46 36
30 46 36
31 46 36
44 46 36
45 46 36
46 46 36
47 46 36
48 46 36
49 46 36
50 46 36
51 46 36
64 46 36
65 46 36
66 46 36
67 46 36
68 46 36
69 46 36
70 46 36
4 47 36
5 47 36
6 47 36
7 47 36
8 47 36
9 47 36
10 47 36
11 47 36
24 47 36
25 47 36
26 47 36
27 47 36
28 47 36
29 47 36
30 47 36
31 47 36
44 47 36
45 47 36
46 47 36
47 47 36
48 47 36
49 47 36
50 47 36
51 47 36
64 47 36
65 47 36
66 47 36
67 47 36
68 47 36
69 47 36
70 47 36
4 48 36
5 48 36
6 48 36
7 48 36
8 48 36
9 48 36
10 48 36
11 48 36
24 48 36
25 48 36
26 48 36
27 48 36
28 48 36
29 48 36
30 48 36
31 48 36
44 48 36
45 48 36
46 48 36
47 48 36
48 48 36
49 48 36
50 48 36
51 48 36
64 48 36
65 48 36
66 48 36
67 48 36
68 48 36
69 48 36
70 48 36
4 49 36
24 49 36
44 49 36
45 49 36
46 49 36
47 49 36
48 49 36
49 49 36
50 49 36
51 49 36
64 49 36
65 49 36
66 49 36
67 49 36
68 49 36
69 49 36
70 49 36
71 49 36
3 1 37
4 1 37
5 1 37
6 1 37
7 1 37
8 1 37
9 1 37
10 1 37
11 1 37
12 1 37
43 1 37
44 1 37
45 1 37
46 1 37
47 1 37
48 1 37
49 1 37
50 1 37
51 1 37
52 1 37
3 2 37
12 2 37
43 2 37
52 2 37
3 3 37
12 3 37
43 3 37
52 3 37
3 4 37
12 4 37
43 4 37
52 4 37
3 5 37
12 5 37
43 5 37
52 5 37
3 6 37
12 6 37
43 6 37
52 6 37
3 7 37
12 7 37
43 7 37
52 7 37
3 8 37
12 8 37
43 8 37
52 8 37
3 9 37
12 9 37
43 9 37
52 9 37
3 10 37
4 10 37
5 10 37
6 10 37
7 10 37
8 10 37
9 10 37
10 10 37
11 10 37
12 10 37
43 10 37
44 10 37
45 10 37
46 10 37
47 10 37
48 10 37
49 10 37
50 10 37
51 10 37
52 10 37
3 21 37
4 21 37
5 21 37
6 21 37
7 21 37
8 21 37
9 21 37
10 21 37
11 21 37
12 21 37
3 22 37
12 22 37
3 23 37
12 23 37
31 23 37
3 24 37
12 24 37
3 25 37
12 25 37
3 26 37
12 26 37
3 27 37
12 27 37
3 28 37
12 28 37
3 29 37
12 29 37
50 29 37
3 30 37
4 30 37
5 30 37
6 30 37
7 30 37
8 30 37
9 30 37
10 30 37
11 30 37
12 30 37
3 41 37
4 41 37
5 41 37
6 41 37
7 41 37
8 41 37
9 41 37
10 41 37
11 41 37
12 41 37
23 41 37
24 41 37
25 41 37
26 41 37
27 41 37
28 41 37
29 41 37
30 41 37
31 41 37
32 41 37
43 41 37
44 41 37
45 41 37
46 41 37
47 41 37
48 41 37
49 41 37
50 41 37
51 41 37
52 41 37
63 41 37
64 41 37
65 41 37
66 41 37
67 41 37
68 41 37
69 41 37
70 41 37
71 41 37
72 41 37
3 42 37
12 42 37
23 42 37
32 42 37
43 42 37
52 42 37
63 42 37
72 42 37
3 43 37
12 43 37
23 43 37
32 43 37
43 43 37
52 43 37
63 43 37
72 43 37
3 44 37
12 44 37
23 44 37
32 44 37
43 44 37
52 44 37
63 44 37
72 44 37
3 45 37
12 45 37
23 45 37
32 45 37
43 45 37
52 45 37
63 45 37
72 45 37
3 46 37
12 46 37
23 46 37
32 46 37
43 46 37
52 46 37
63 46 37
72 46 37
3 47 37
12 47 37
23 47 37
32 47 37
43 47 37
52 47 37
63 47 37
72 47 37
3 48 37
12 48 37
23 48 37
32 48 37
43 48 37
52 48 37
63 48 37
72 48 37
3 49 37
12 49 37
23 49 37
32 49 37
43 49 37
52 49 37
63 49 37
72 49 37
3 50 37
4 50 37
5 50 37
6 50 37
7 50 37
8 50 37
9 50 37
10 50 37
11 50 37
12 50 37
23 50 37
24 50 37
25 50 37
26 50 37
27 50 37
28 50 37
29 50 37
30 50 37
31 50 37
32 50 37
43 50 37
44 50 37
45 50 37
46 50 37
47 50 37
48 50 37
49 50 37
50 50 37
51 50 37
52 50 37
63 50 37
64 50 37
65 50 37
66 50 37
67 50 37
68 50 37
69 50 37
70 50 37
71 50 37
72 50 37
24 21 38
25 21 38
27 21 38
28 21 38
30 21 38
31 21 38
44 21 38
45 21 38
47 21 38
48 21 38
50 21 38
51 21 38
23 22 38
43 22 38
52 22 38
23 23 38
43 23 38
52 23 38
31 24 38
23 25 38
43 25 38
52 25 38
23 26 38
43 26 38
52 26 38
23 28 38
43 28 38
52 28 38
23 29 38
43 29 38
49 29 38
52 29 38
24 30 38
25 30 38
27 30 38
28 30 38
30 30 38
31 30 38
31 25 39
48 29 39
31 26 40
47 29 40
31 27 41
46 29 41
31 28 42
45 29 42
24 22 43
25 22 43
26 22 43
27 22 43
28 22 43
29 22 43
30 22 43
31 22 43
44 22 43
45 22 43
46 22 43
47 22 43
48 22 43
49 22 43
50 22 43
51 22 43
24 23 43
25 23 43
26 23 43
27 23 43
28 23 43
29 23 43
30 23 43
44 23 43
45 23 43
46 23 43
47 23 43
48 23 43
49 23 43
50 23 43
51 23 43
24 24 43
25 24 43
26 24 43
27 24 43
28 24 43
29 24 43
30 24 43
44 24 43
45 24 43
46 24 43
47 24 43
48 24 43
49 24 43
50 24 43
51 24 43
24 25 43
25 25 43
26 25 43
27 25 43
28 25 43
29 25 43
30 25 43
44 25 43
45 25 43
46 25 43
47 25 43
48 25 43
49 25 43
50 25 43
51 25 43
24 26 43
25 26 43
26 26 43
27 26 43
28 26 43
29 26 43
30 26 43
44 26 43
45 26 43
46 26 43
47 26 43
48 26 43
49 26 43
50 26 43
51 26 43
24 27 43
25 27 43
26 27 43
27 27 43
28 27 43
29 27 43
30 27 43
45 27 43
46 27 43
47 27 43
48 27 43
49 27 43
50 27 43
51 27 43
24 28 43
25 28 43
26 28 43
27 28 43
28 28 43
29 28 43
30 28 43
45 28 43
46 28 43
47 28 43
48 28 43
49 28 43
50 28 43
51 28 43
24 29 43
25 29 43
26 29 43
27 29 43
28 29 43
29 29 43
30 29 43
31 29 43
44 29 43
31 23 44
44 28 44
24 21 45
25 21 45
27 21 45
28 21 45
30 21 45
31 21 45
44 21 45
45 21 45
47 21 45
48 21 45
50 21 45
51 21 45
23 22 45
52 22 45
23 23 45
52 23 45
31 24 45
23 25 45
52 25 45
23 26 45
52 26 45
44 27 45
23 28 45
52 28 45
23 29 45
52 29 45
24 30 45
25 30 45
27 30 45
28 30 45
30 30 45
31 30 45
44 30 45
45 30 45
47 30 45
48 30 45
50 30 45
51 30 45
31 25 46
44 26 46
44 25 47
31 26 47
44 24 48
31 27 48
44 23 49
31 28 49
24 22 50
25 22 50
26 22 50
27 22 50
28 22 50
29 22 50
30 22 50
44 22 50
45 22 50
46 22 50
47 22 50
48 22 50
49 22 50
50 22 50
51 22 50
24 23 50
25 23 50
26 23 50
27 23 50
28 23 50
29 23 50
30 23 50
45 23 50
46 23 50
47 23 50
48 23 50
49 23 50
50 23 50
51 23 50
24 24 50
25 24 50
26 24 50
27 24 50
28 24 50
29 24 50
30 24 50
45 24 50
46 24 50
47 24 50
48 24 50
49 24 50
50 24 50
51 24 50
24 25 50
25 25 50
26 25 50
27 25 50
28 25 50
29 25 50
30 25 50
45 25 50
46 25 50
47 25 50
48 25 50
49 25 50
50 25 50
51 25 50
24 26 50
25 26 50
26 26 50
27 26 50
28 26 50
29 26 50
30 26 50
45 26 50
46 26 50
47 26 50
48 26 50
49 26 50
50 26 50
51 26 50
24 27 50
25 27 50
26 27 50
27 27 50
28 27 50
29 27 50
30 27 50
45 27 50
46 27 50
47 27 50
48 27 50
49 27 50
50 27 50
51 27 50
24 28 50
25 28 50
26 28 50
27 28 50
28 28 50
29 28 50
30 28 50
45 28 50
46 28 50
47 28 50
48 28 50
49 28 50
50 28 50
51 28 50
24 29 50
25 29 50
26 29 50
27 29 50
28 29 50
29 29 50
30 29 50
31 29 50
45 29 50
46 29 50
47 29 50
48 29 50
49 29 50
50 29 50
51 29 50
23 21 51
24 21 51
25 21 51
26 21 51
27 21 51
28 21 51
29 21 51
30 21 51
31 21 51
32 21 51
43 21 51
44 21 51
45 21 51
46 21 51
47 21 51
48 21 51
49 21 51
50 21 51
51 21 51
52 21 51
23 22 51
32 22 51
43 22 51
52 22 51
23 23 51
32 23 51
43 23 51
52 23 51
23 24 51
32 24 51
43 24 51
52 24 51
23 25 51
32 25 51
43 25 51
52 25 51
23 26 51
32 26 51
43 26 51
52 26 51
23 27 51
32 27 51
43 27 51
52 27 51
23 28 51
32 28 51
43 28 51
52 28 51
23 29 51
32 29 51
43 29 51
52 29 51
23 30 51
24 30 51
25 30 51
26 30 51
27 30 51
28 30 51
29 30 51
30 30 51
31 30 51
32 30 51
43 30 51
44 30 51
45 30 51
46 30 51
47 30 51
48 30 51
49 30 51
50 30 51
51 30 51
52 30 51
