30 31 16
42 31 16
29 24 17
31 24 17
41 24 17
43 24 17
30 29 17
30 30 17
31 30 17
41 30 17
19 31 17
29 31 17
31 31 17
41 31 17
53 31 17
23 22 18
25 22 18
47 22 18
49 22 18
33 25 18
34 25 18
38 25 18
39 25 18
30 26 18
42 26 18
30 27 18
30 28 18
31 28 18
41 28 18
31 29 18
41 29 18
32 30 18
35 30 18
36 30 18
37 30 18
40 30 18
32 31 18
40 31 18
20 32 18
28 32 18
52 32 18
38 54 18
24 22 19
48 22 19
21 23 19
27 23 19
45 23 19
51 23 19
20 24 19
28 24 19
30 24 19
42 24 19
44 24 19
52 24 19
19 25 19
29 25 19
30 25 19
31 25 19
32 25 19
40 25 19
41 25 19
42 25 19
43 25 19
53 25 19
31 26 19
33 26 19
34 26 19
35 26 19
36 26 19
37 26 19
38 26 19
39 26 19
41 26 19
31 27 19
32 27 19
35 27 19
36 27 19
37 27 19
40 27 19
41 27 19
32 28 19
35 28 19
36 28 19
37 28 19
40 28 19
32 29 19
33 29 19
34 29 19
35 29 19
36 29 19
37 29 19
38 29 19
39 29 19
40 29 19
19 30 19
29 30 19
33 30 19
34 30 19
38 30 19
39 30 19
53 30 19
22 33 19
23 33 19
25 33 19
26 33 19
49 33 19
50 33 19
41 46 19
41 51 19
39 53 19
36 54 19
37 54 19
22 23 20
23 23 20
25 23 20
26 23 20
46 23 20
47 23 20
49 23 20
50 23 20
21 24 20
27 24 20
45 24 20
51 24 20
20 25 20
28 25 20
44 25 20
52 25 20
19 26 20
29 26 20
32 26 20
40 26 20
53 26 20
19 27 20
29 27 20
33 27 20
34 27 20
38 27 20
39 27 20
53 27 20
19 28 20
29 28 20
33 28 20
34 28 20
38 28 20
39 28 20
53 28 20
19 29 20
29 29 20
53 29 20
20 31 20
28 31 20
52 31 20
21 32 20
27 32 20
51 32 20
24 33 20
48 33 20
31 46 20
41 47 20
41 48 20
41 49 20
41 50 20
40 52 20
38 53 20
24 23 21
48 23 21
22 24 21
23 24 21
25 24 21
26 24 21
46 24 21
47 24 21
49 24 21
50 24 21
21 25 21
27 25 21
45 25 21
51 25 21
20 26 21
28 26 21
52 26 21
20 27 21
28 27 21
52 27 21
20 28 21
28 28 21
52 28 21
20 29 21
28 29 21
52 29 21
20 30 21
21 30 21
27 30 21
28 30 21
51 30 21
52 30 21
21 31 21
22 31 21
26 31 21
27 31 21
50 31 21
51 31 21
22 32 21
23 32 21
24 32 21
25 32 21
26 32 21
48 32 21
49 32 21
50 32 21
32 44 21
40 44 21
40 47 21
40 48 21
40 49 21
40 50 21
39 51 21
40 51 21
38 52 21
39 52 21
36 53 21
37 53 21
35 54 21
24 24 22
48 24 22
22 25 22
23 25 22
24 25 22
25 25 22
26 25 22
46 25 22
47 25 22
48 25 22
49 25 22
50 25 22
21 26 22
22 26 22
23 26 22
25 26 22
26 26 22
27 26 22
43 26 22
46 26 22
47 26 22
49 26 22
50 26 22
51 26 22
21 27 22
22 27 22
26 27 22
27 27 22
50 27 22
51 27 22
21 28 22
22 28 22
26 28 22
27 28 22
50 28 22
51 28 22
21 29 22
22 29 22
26 29 22
27 29 22
50 29 22
51 29 22
22 30 22
23 30 22
24 30 22
25 30 22
26 30 22
48 30 22
49 30 22
50 30 22
23 31 22
24 31 22
25 31 22
48 31 22
49 31 22
47 33 22
32 45 22
40 45 22
32 46 22
40 46 22
31 47 22
39 47 22
38 48 22
39 48 22
38 49 22
39 49 22
38 50 22
39 50 22
36 51 22
37 51 22
38 51 22
36 52 22
37 52 22
34 54 22
24 26 23
44 26 23
45 26 23
48 26 23
23 27 23
24 27 23
25 27 23
42 27 23
47 27 23
48 27 23
49 27 23
23 28 23
24 28 23
25 28 23
48 28 23
49 28 23
23 29 23
24 29 23
25 29 23
48 29 23
49 29 23
47 32 23
46 33 23
33 42 23
39 42 23
32 47 23
33 47 23
30 48 23
37 48 23
29 49 23
36 49 23
37 49 23
36 50 23
37 50 23
35 53 23
43 27 24
44 27 24
45 27 24
46 27 24
47 28 24
47 29 24
47 30 24
47 31 24
46 32 24
45 33 24
33 43 24
39 43 24
33 44 24
39 44 24
33 45 24
39 45 24
33 46 24
34 46 24
38 46 24
39 46 24
34 47 24
35 47 24
37 47 24
38 47 24
31 48 24
32 48 24
33 48 24
34 48 24
35 48 24
36 48 24
35 49 24
35 50 24
35 51 24
35 52 24
34 53 24
33 54 24
42 28 25
43 28 25
44 28 25
45 28 25
46 28 25
46 29 25
46 30 25
46 31 25
45 32 25
44 33 25
34 45 25
38 45 25
35 46 25
36 46 25
37 46 25
36 47 25
30 49 25
32 49 25
33 49 25
34 49 25
34 50 25
34 51 25
34 52 25
33 53 25
32 54 25
43 29 26
44 29 26
45 29 26
45 30 26
45 31 26
34 43 26
38 43 26
34 44 26
35 44 26
36 44 26
37 44 26
38 44 26
35 45 26
36 45 26
37 45 26
31 49 26
32 50 26
33 50 26
33 51 26
33 52 26
42 29 27
44 30 27
44 31 27
44 32 27
31 50 27
32 51 27
32 52 27
32 53 27
41 29 28
43 30 28
35 43 28
36 43 28
37 43 28
30 50 28
31 51 28
31 55 28
43 31 29
43 34 29
33 41 29
39 41 29
34 42 29
38 42 29
29 50 29
31 52 29
40 29 30
42 30 30
43 32 30
43 33 30
35 42 30
36 42 30
37 42 30
30 51 30
31 53 30
31 54 30
39 29 31
41 30 31
42 31 31
28 50 31
18 17 32
12 28 32
38 29 32
42 32 32
55 38 32
33 40 32
39 40 32
34 41 32
38 41 32
27 50 32
29 51 32
30 52 32
30 59 32
42 59 32
18 18 33
19 18 33
29 18 33
30 18 33
12 27 33
13 28 33
35 28 33
40 30 33
41 31 33
18 36 33
30 36 33
42 36 33
54 36 33
18 37 33
30 37 33
42 37 33
54 37 33
18 38 33
19 38 33
29 38 33
30 38 33
42 38 33
43 38 33
53 38 33
54 38 33
54 39 33
55 39 33
35 41 33
36 41 33
37 41 33
49 48 33
49 49 33
30 57 33
42 57 33
30 58 33
42 58 33
31 59 33
41 59 33
23 8 34
24 8 34
25 8 34
47 8 34
48 8 34
49 8 34
19 17 34
29 17 34
43 17 34
53 17 34
18 19 34
19 19 34
20 19 34
21 19 34
27 19 34
28 19 34
29 19 34
30 19 34
45 19 34
51 19 34
17 20 34
31 20 34
16 23 34
32 23 34
13 27 34
14 27 34
34 27 34
35 27 34
14 28 34
34 28 34
10 29 34
14 29 34
15 29 34
19 29 34
29 29 34
16 30 34
32 30 34
19 31 34
29 31 34
43 31 34
53 31 34
22 32 34
26 32 34
46 32 34
50 32 34
18 34 34
30 34 34
42 34 34
54 34 34
18 35 34
30 35 34
42 35 34
54 35 34
19 36 34
29 36 34
43 36 34
53 36 34
19 37 34
20 37 34
23 37 34
24 37 34
25 37 34
28 37 34
29 37 34
43 37 34
44 37 34
47 37 34
48 37 34
49 37 34
52 37 34
53 37 34
20 38 34
28 38 34
44 38 34
52 38 34
8 39 34
16 39 34
32 39 34
40 39 34
56 39 34
64 39 34
53 40 34
54 40 34
55 40 34
56 40 34
57 40 34
53 41 34
59 43 34
52 44 34
58 44 34
51 45 34
57 45 34
50 46 34
56 46 34
49 47 34
50 48 34
50 49 34
51 49 34
55 49 34
55 50 34
29 52 34
32 52 34
40 52 34
35 53 34
36 53 34
37 53 34
30 55 34
42 55 34
30 56 34
31 56 34
41 56 34
42 56 34
31 57 34
41 57 34
31 58 34
32 58 34
34 58 34
35 58 34
37 58 34
38 58 34
40 58 34
41 58 34
22 61 34
26 61 34
46 61 34
50 61 34
21 9 35
27 9 35
45 9 35
51 9 35
20 10 35
28 10 35
44 10 35
52 10 35
19 11 35
29 11 35
43 11 35
53 11 35
20 18 35
28 18 35
44 18 35
52 18 35
18 20 35
19 20 35
20 20 35
21 20 35
22 20 35
23 20 35
24 20 35
25 20 35
26 20 35
27 20 35
28 20 35
29 20 35
30 20 35
17 21 35
24 21 35
31 21 35
17 22 35
23 22 35
25 22 35
31 22 35
17 23 35
21 23 35
22 23 35
26 23 35
27 23 35
31 23 35
16 24 35
17 24 35
20 24 35
21 24 35
27 24 35
28 24 35
31 24 35
32 24 35
15 25 35
19 25 35
20 25 35
28 25 35
29 25 35
33 25 35
14 26 35
15 26 35
19 26 35
29 26 35
33 26 35
34 26 35
15 27 35
19 27 35
29 27 35
33 27 35
15 28 35
16 28 35
19 28 35
29 28 35
32 28 35
33 28 35
11 29 35
12 29 35
13 29 35
16 29 35
32 29 35
9 30 35
15 30 35
17 30 35
31 30 35
17 31 35
18 31 35
30 31 35
31 31 35
7 32 35
17 32 35
18 32 35
20 32 35
21 32 35
27 32 35
28 32 35
30 32 35
31 32 35
41 32 35
42 32 35
44 32 35
45 32 35
51 32 35
52 32 35
54 32 35
55 32 35
65 32 35
18 33 35
19 33 35
23 33 35
24 33 35
25 33 35
29 33 35
30 33 35
42 33 35
43 33 35
47 33 35
48 33 35
49 33 35
53 33 35
54 33 35
19 34 35
29 34 35
43 34 35
53 34 35
19 35 35
20 35 35
28 35 35
29 35 35
43 35 35
44 35 35
52 35 35
53 35 35
20 36 35
23 36 35
24 36 35
25 36 35
28 36 35
44 36 35
47 36 35
48 36 35
49 36 35
52 36 35
7 37 35
17 37 35
21 37 35
22 37 35
26 37 35
27 37 35
31 37 35
41 37 35
45 37 35
46 37 35
50 37 35
51 37 35
55 37 35
65 37 35
10 40 35
14 40 35
34 40 35
38 40 35
58 40 35
62 40 35
54 41 35
55 41 35
56 41 35
57 41 35
58 41 35
59 41 35
60 41 35
61 41 35
53 42 35
60 42 35
53 43 35
58 43 35
53 44 35
57 44 35
52 45 35
56 45 35
51 46 35
55 46 35
50 47 35
51 47 35
55 47 35
51 48 35
55 48 35
52 49 35
52 50 35
53 51 35
30 52 35
31 52 35
41 52 35
42 52 35
53 52 35
54 52 35
19 53 35
29 53 35
30 53 35
33 53 35
34 53 35
38 53 35
39 53 35
42 53 35
43 53 35
53 53 35
54 53 35
30 54 35
31 54 35
35 54 35
36 54 35
37 54 35
41 54 35
42 54 35
54 54 35
31 55 35
41 55 35
32 56 35
40 56 35
32 57 35
35 57 35
36 57 35
37 57 35
40 57 35
19 58 35
29 58 35
33 58 35
39 58 35
43 58 35
53 58 35
23 61 35
24 61 35
25 61 35
47 61 35
48 61 35
49 61 35
22 9 36
26 9 36
46 9 36
50 9 36
19 12 36
29 12 36
43 12 36
53 12 36
19 13 36
29 13 36
43 13 36
53 13 36
19 14 36
29 14 36
43 14 36
53 14 36
19 15 36
29 15 36
43 15 36
53 15 36
19 16 36
29 16 36
43 16 36
53 16 36
20 17 36
28 17 36
44 17 36
52 17 36
21 18 36
27 18 36
45 18 36
51 18 36
22 19 36
23 19 36
24 19 36
25 19 36
26 19 36
46 19 36
47 19 36
48 19 36
49 19 36
50 19 36
18 21 36
19 21 36
20 21 36
21 21 36
22 21 36
23 21 36
25 21 36
26 21 36
27 21 36
28 21 36
29 21 36
30 21 36
18 22 36
19 22 36
20 22 36
21 22 36
22 22 36
26 22 36
27 22 36
28 22 36
29 22 36
30 22 36
18 23 36
19 23 36
20 23 36
28 23 36
29 23 36
30 23 36
18 24 36
19 24 36
29 24 36
30 24 36
16 25 36
17 25 36
18 25 36
30 25 36
31 25 36
32 25 36
16 26 36
17 26 36
18 26 36
30 26 36
31 26 36
32 26 36
16 27 36
17 27 36
18 27 36
30 27 36
31 27 36
32 27 36
17 28 36
18 28 36
30 28 36
31 28 36
17 29 36
18 29 36
30 29 36
31 29 36
10 30 36
14 30 36
18 30 36
30 30 36
8 31 36
16 31 36
19 32 36
29 32 36
43 32 36
53 32 36
7 33 36
17 33 36
20 33 36
21 33 36
22 33 36
26 33 36
27 33 36
28 33 36
31 33 36
41 33 36
44 33 36
45 33 36
46 33 36
50 33 36
51 33 36
52 33 36
55 33 36
65 33 36
7 34 36
17 34 36
20 34 36
21 34 36
22 34 36
23 34 36
24 34 36
25 34 36
26 34 36
27 34 36
28 34 36
31 34 36
41 34 36
44 34 36
45 34 36
46 34 36
47 34 36
48 34 36
49 34 36
50 34 36
51 34 36
52 34 36
55 34 36
65 34 36
7 35 36
17 35 36
21 35 36
22 35 36
23 35 36
24 35 36
25 35 36
26 35 36
27 35 36
31 35 36
41 35 36
45 35 36
46 35 36
47 35 36
48 35 36
49 35 36
50 35 36
51 35 36
55 35 36
65 35 36
7 36 36
17 36 36
21 36 36
22 36 36
26 36 36
27 36 36
31 36 36
41 36 36
45 36 36
46 36 36
50 36 36
51 36 36
55 36 36
65 36 36
8 38 36
16 38 36
32 38 36
40 38 36
56 38 36
64 38 36
9 39 36
15 39 36
33 39 36
39 39 36
57 39 36
63 39 36
11 40 36
12 40 36
13 40 36
35 40 36
36 40 36
37 40 36
59 40 36
60 40 36
61 40 36
54 42 36
55 42 36
56 42 36
57 42 36
58 42 36
59 42 36
54 43 36
55 43 36
56 43 36
57 43 36
54 44 36
55 44 36
56 44 36
53 45 36
54 45 36
55 45 36
52 46 36
53 46 36
54 46 36
52 47 36
53 47 36
54 47 36
52 48 36
53 48 36
54 48 36
53 49 36
54 49 36
53 50 36
54 50 36
54 51 36
31 53 36
32 53 36
40 53 36
41 53 36
19 54 36
29 54 36
32 54 36
33 54 36
34 54 36
38 54 36
39 54 36
40 54 36
43 54 36
53 54 36
19 55 36
29 55 36
32 55 36
33 55 36
34 55 36
35 55 36
36 55 36
37 55 36
38 55 36
39 55 36
40 55 36
43 55 36
53 55 36
19 56 36
29 56 36
33 56 36
34 56 36
35 56 36
36 56 36
37 56 36
38 56 36
39 56 36
43 56 36
53 56 36
19 57 36
29 57 36
33 57 36
34 57 36
38 57 36
39 57 36
43 57 36
53 57 36
20 59 36
28 59 36
44 59 36
52 59 36
21 60 36
22 60 36
26 60 36
27 60 36
45 60 36
46 60 36
50 60 36
51 60 36
23 9 37
24 9 37
25 9 37
47 9 37
48 9 37
49 9 37
21 10 37
22 10 37
26 10 37
27 10 37
45 10 37
46 10 37
50 10 37
51 10 37
20 11 37
28 11 37
44 11 37
52 11 37
20 12 37
28 12 37
44 12 37
52 12 37
20 15 37
28 15 37
44 15 37
52 15 37
20 16 37
28 16 37
44 16 37
52 16 37
21 17 37
27 17 37
45 17 37
51 17 37
22 18 37
23 18 37
24 18 37
25 18 37
26 18 37
46 18 37
47 18 37
48 18 37
49 18 37
50 18 37
11 30 37
12 30 37
13 30 37
32 30 37
40 30 37
56 30 37
64 30 37
9 31 37
10 31 37
14 31 37
15 31 37
8 32 37
16 32 37
8 33 37
16 33 37
32 33 37
40 33 37
56 33 37
8 36 37
16 36 37
32 36 37
40 36 37
56 36 37
64 36 37
8 37 37
16 37 37
32 37 37
40 37 37
56 37 37
64 37 37
9 38 37
15 38 37
33 38 37
39 38 37
57 38 37
63 38 37
10 39 37
11 39 37
12 39 37
13 39 37
14 39 37
34 39 37
35 39 37
36 39 37
37 39 37
38 39 37
58 39 37
59 39 37
60 39 37
61 39 37
62 39 37
28 54 37
44 54 37
20 57 37
28 57 37
44 57 37
52 57 37
20 58 37
28 58 37
44 58 37
52 58 37
21 59 37
27 59 37
45 59 37
51 59 37
23 60 37
24 60 37
25 60 37
47 60 37
48 60 37
49 60 37
23 10 38
24 10 38
25 10 38
47 10 38
48 10 38
49 10 38
21 11 38
22 11 38
23 11 38
24 11 38
25 11 38
26 11 38
27 11 38
45 11 38
46 11 38
47 11 38
48 11 38
49 11 38
50 11 38
51 11 38
21 12 38
27 12 38
45 12 38
51 12 38
20 13 38
21 13 38
27 13 38
28 13 38
44 13 38
45 13 38
51 13 38
52 13 38
20 14 38
21 14 38
27 14 38
28 14 38
44 14 38
45 14 38
51 14 38
52 14 38
21 15 38
27 15 38
45 15 38
51 15 38
21 16 38
22 16 38
26 16 38
27 16 38
45 16 38
46 16 38
50 16 38
51 16 38
22 17 38
23 17 38
24 17 38
25 17 38
26 17 38
46 17 38
47 17 38
48 17 38
49 17 38
50 17 38
11 31 38
12 31 38
13 31 38
32 31 38
40 31 38
56 31 38
64 31 38
9 32 38
10 32 38
11 32 38
13 32 38
14 32 38
15 32 38
32 32 38
40 32 38
56 32 38
64 32 38
9 33 38
15 33 38
33 33 38
39 33 38
57 33 38
64 33 38
8 34 38
9 34 38
15 34 38
16 34 38
32 34 38
33 34 38
39 34 38
40 34 38
56 34 38
57 34 38
64 34 38
8 35 38
9 35 38
15 35 38
16 35 38
32 35 38
33 35 38
39 35 38
40 35 38
56 35 38
57 35 38
64 35 38
9 36 38
15 36 38
33 36 38
39 36 38
57 36 38
63 36 38
9 37 38
10 37 38
14 37 38
15 37 38
33 37 38
34 37 38
38 37 38
39 37 38
57 37 38
58 37 38
62 37 38
63 37 38
10 38 38
11 38 38
12 38 38
13 38 38
14 38 38
34 38 38
35 38 38
36 38 38
37 38 38
38 38 38
58 38 38
59 38 38
60 38 38
61 38 38
62 38 38
20 51 38
28 51 38
44 51 38
52 51 38
20 52 38
28 52 38
44 52 38
52 52 38
20 53 38
28 53 38
44 53 38
52 53 38
20 54 38
27 54 38
45 54 38
52 54 38
20 55 38
27 55 38
28 55 38
44 55 38
45 55 38
52 55 38
20 56 38
21 56 38
27 56 38
28 56 38
44 56 38
45 56 38
51 56 38
52 56 38
21 57 38
27 57 38
45 57 38
51 57 38
21 58 38
22 58 38
23 58 38
25 58 38
26 58 38
27 58 38
45 58 38
46 58 38
47 58 38
49 58 38
50 58 38
51 58 38
22 59 38
23 59 38
24 59 38
25 59 38
26 59 38
46 59 38
47 59 38
48 59 38
49 59 38
50 59 38
22 12 39
23 12 39
24 12 39
25 12 39
26 12 39
46 12 39
47 12 39
48 12 39
49 12 39
50 12 39
22 13 39
23 13 39
24 13 39
25 13 39
26 13 39
46 13 39
47 13 39
48 13 39
49 13 39
50 13 39
22 14 39
23 14 39
24 14 39
25 14 39
26 14 39
46 14 39
47 14 39
48 14 39
49 14 39
50 14 39
22 15 39
23 15 39
24 15 39
25 15 39
26 15 39
46 15 39
47 15 39
48 15 39
49 15 39
50 15 39
23 16 39
24 16 39
25 16 39
47 16 39
48 16 39
49 16 39
12 32 39
10 33 39
11 33 39
12 33 39
13 33 39
14 33 39
10 34 39
11 34 39
12 34 39
13 34 39
14 34 39
34 34 39
38 34 39
58 34 39
63 34 39
10 35 39
11 35 39
12 35 39
13 35 39
14 35 39
34 35 39
35 35 39
36 35 39
37 35 39
38 35 39
58 35 39
59 35 39
60 35 39
62 35 39
63 35 39
10 36 39
11 36 39
12 36 39
13 36 39
14 36 39
34 36 39
35 36 39
36 36 39
37 36 39
38 36 39
58 36 39
59 36 39
60 36 39
61 36 39
62 36 39
11 37 39
12 37 39
13 37 39
35 37 39
36 37 39
37 37 39
59 37 39
60 37 39
61 37 39
21 54 39
51 54 39
21 55 39
25 55 39
26 55 39
46 55 39
47 55 39
51 55 39
22 56 39
24 56 39
25 56 39
26 56 39
46 56 39
47 56 39
48 56 39
50 56 39
22 57 39
23 57 39
24 57 39
25 57 39
26 57 39
46 57 39
47 57 39
48 57 39
49 57 39
50 57 39
24 58 39
48 58 39
33 31 40
39 31 40
57 31 40
63 31 40
33 32 40
39 32 40
57 32 40
63 32 40
34 33 40
38 33 40
58 33 40
62 33 40
63 33 40
35 34 40
36 34 40
37 34 40
59 34 40
60 34 40
61 34 40
62 34 40
61 35 40
21 49 40
27 49 40
45 49 40
51 49 40
21 52 40
27 52 40
45 52 40
51 52 40
21 53 40
27 53 40
45 53 40
51 53 40
22 54 40
26 54 40
46 54 40
50 54 40
22 55 40
23 55 40
24 55 40
48 55 40
49 55 40
50 55 40
23 56 40
49 56 40
33 29 41
39 29 41
57 29 41
63 29 41
33 30 41
39 30 41
57 30 41
63 30 41
34 31 41
38 31 41
58 31 41
62 31 41
34 32 41
35 32 41
37 32 41
38 32 41
58 32 41
59 32 41
61 32 41
62 32 41
35 33 41
36 33 41
37 33 41
59 33 41
60 33 41
61 33 41
21 50 41
27 50 41
45 50 41
51 50 41
21 51 41
27 51 41
45 51 41
51 51 41
22 52 41
26 52 41
46 52 41
50 52 41
22 53 41
23 53 41
24 53 41
25 53 41
26 53 41
46 53 41
47 53 41
48 53 41
49 53 41
50 53 41
23 54 41
24 54 41
25 54 41
47 54 41
48 54 41
49 54 41
34 30 42
38 30 42
58 30 42
62 30 42
35 31 42
36 31 42
37 31 42
59 31 42
60 31 42
61 31 42
36 32 42
60 32 42
22 50 42
26 50 42
46 50 42
50 50 42
22 51 42
26 51 42
46 51 42
50 51 42
23 52 42
24 52 42
25 52 42
47 52 42
48 52 42
49 52 42
34 29 43
38 29 43
58 29 43
62 29 43
35 30 43
36 30 43
37 30 43
59 30 43
60 30 43
61 30 43
23 51 43
24 51 43
25 51 43
47 51 43
48 51 43
49 51 43
35 29 44
37 29 44
59 29 44
61 29 44
23 50 44
24 50 44
25 50 44
47 50 44
48 50 44
49 50 44
11 18 45
61 18 45
9 21 45
63 21 45
64 23 45
34 28 45
38 28 45
58 28 45
62 28 45
36 29 45
60 29 45
21 48 45
27 48 45
45 48 45
51 48 45
22 49 45
26 49 45
46 49 45
50 49 45
12 17 46
60 17 46
10 20 46
62 20 46
9 22 46
63 22 46
64 24 46
33 27 46
39 27 46
57 27 46
63 27 46
23 49 46
25 49 46
47 49 46
49 49 46
11 19 47
61 19 47
64 25 47
35 28 47
36 28 47
37 28 47
59 28 47
60 28 47
61 28 47
24 49 47
48 49 47
33 66 47
34 66 47
38 66 47
39 66 47
14 16 48
58 16 48
13 17 48
59 17 48
12 18 48
60 18 48
11 20 48
61 20 48
10 21 48
62 21 48
9 23 48
63 23 48
34 27 48
38 27 48
58 27 48
62 27 48
22 48 48
26 48 48
46 48 48
50 48 48
35 66 48
36 66 48
37 66 48
12 19 49
60 19 49
10 22 49
62 22 49
9 24 49
63 24 49
39 26 49
63 26 49
35 27 49
37 27 49
59 27 49
61 27 49
30 44 49
42 44 49
30 45 49
42 45 49
43 45 49
21 47 49
51 47 49
23 48 49
24 48 49
25 48 49
47 48 49
48 48 49
49 48 49
36 55 49
35 56 49
36 56 49
37 56 49
31 65 49
32 65 49
40 65 49
41 65 49
15 16 50
57 16 50
14 17 50
58 17 50
13 18 50
22 18 50
26 18 50
46 18 50
50 18 50
59 18 50
12 20 50
60 20 50
11 21 50
61 21 50
10 23 50
62 23 50
17 24 50
41 24 50
9 25 50
63 25 50
28 30 50
52 30 50
27 31 50
51 31 50
26 32 50
50 32 50
25 33 50
49 33 50
22 36 50
31 36 50
46 36 50
55 36 50
35 39 50
37 39 50
42 42 50
31 43 50
41 43 50
42 43 50
31 44 50
36 44 50
41 44 50
31 45 50
32 45 50
40 45 50
41 45 50
20 46 50
29 46 50
30 46 50
42 46 50
43 46 50
44 46 50
52 46 50
31 47 50
41 47 50
26 51 50
46 51 50
27 52 50
45 52 50
35 54 50
37 54 50
34 55 50
35 55 50
37 55 50
38 55 50
34 56 50
38 56 50
29 57 50
43 57 50
33 65 50
34 65 50
35 65 50
36 65 50
37 65 50
38 65 50
39 65 50
35 15 51
36 15 51
37 15 51
15 17 51
18 17 51
30 17 51
42 17 51
54 17 51
57 17 51
14 18 51
21 18 51
27 18 51
45 18 51
51 18 51
58 18 51
13 19 51
23 19 51
24 19 51
25 19 51
47 19 51
48 19 51
49 19 51
59 19 51
12 21 51
60 21 51
11 22 51
61 22 51
22 23 51
23 23 51
24 23 51
25 23 51
26 23 51
46 23 51
47 23 51
48 23 51
49 23 51
50 23 51
10 24 51
19 24 51
20 24 51
28 24 51
29 24 51
43 24 51
44 24 51
52 24 51
53 24 51
62 24 51
16 25 51
40 25 51
29 27 51
53 27 51
29 28 51
36 28 51
53 28 51
60 28 51
29 29 51
35 29 51
53 29 51
59 29 51
34 30 51
58 30 51
28 31 51
33 31 51
52 31 51
57 31 51
27 32 51
32 32 51
51 32 51
56 32 51
31 33 51
55 33 51
24 34 51
31 34 51
48 34 51
55 34 51
31 35 51
55 35 51
23 36 51
47 36 51
31 38 51
41 38 51
30 39 51
33 39 51
34 39 51
38 39 51
39 39 51
42 39 51
30 40 51
36 40 51
42 40 51
31 41 51
41 41 51
42 41 51
31 42 51
41 42 51
32 43 51
36 43 51
40 43 51
32 44 51
33 44 51
34 44 51
35 44 51
37 44 51
38 44 51
39 44 51
40 44 51
22 47 51
28 47 51
29 47 51
30 47 51
42 47 51
43 47 51
44 47 51
45 47 51
46 47 51
50 47 51
24 48 51
25 48 51
26 48 51
27 48 51
28 48 51
29 48 51
30 48 51
31 48 51
41 48 51
42 48 51
43 48 51
44 48 51
45 48 51
46 48 51
47 48 51
48 48 51
24 49 51
31 49 51
41 49 51
48 49 51
25 50 51
31 50 51
41 50 51
47 50 51
32 51 51
40 51 51
28 52 51
33 52 51
39 52 51
44 52 51
28 53 51
34 53 51
38 53 51
44 53 51
29 54 51
34 54 51
38 54 51
43 54 51
29 55 51
33 55 51
39 55 51
43 55 51
29 56 51
33 56 51
39 56 51
43 56 51
32 57 51
40 57 51
31 58 51
41 58 51
31 59 51
41 59 51
31 64 51
32 64 51
40 64 51
41 64 51
33 16 52
39 16 52
16 17 52
17 17 52
31 17 52
32 17 52
40 17 52
41 17 52
55 17 52
56 17 52
19 18 52
20 18 52
28 18 52
29 18 52
43 18 52
44 18 52
52 18 52
53 18 52
14 19 52
20 19 52
21 19 52
22 19 52
26 19 52
27 19 52
28 19 52
44 19 52
45 19 52
46 19 52
50 19 52
51 19 52
52 19 52
58 19 52
13 20 52
22 20 52
23 20 52
24 20 52
25 20 52
26 20 52
46 20 52
47 20 52
48 20 52
49 20 52
50 20 52
59 20 52
22 21 52
23 21 52
24 21 52
25 21 52
26 21 52
46 21 52
47 21 52
48 21 52
49 21 52
50 21 52
12 22 52
21 22 52
22 22 52
23 22 52
24 22 52
25 22 52
26 22 52
27 22 52
45 22 52
46 22 52
47 22 52
48 22 52
49 22 52
50 22 52
51 22 52
60 22 52
11 23 52
20 23 52
21 23 52
27 23 52
28 23 52
44 23 52
45 23 52
51 23 52
52 23 52
61 23 52
11 24 52
18 24 52
30 24 52
42 24 52
54 24 52
61 24 52
10 25 52
30 25 52
54 25 52
62 25 52
10 26 52
11 26 52
12 26 52
13 26 52
14 26 52
30 26 52
37 26 52
38 26 52
54 26 52
62 26 52
30 27 52
54 27 52
61 27 52
30 28 52
35 28 52
54 28 52
59 28 52
30 29 52
31 29 52
33 29 52
34 29 52
54 29 52
55 29 52
57 29 52
58 29 52
29 30 52
30 30 52
31 30 52
32 30 52
33 30 52
53 30 52
54 30 52
55 30 52
56 30 52
57 30 52
29 31 52
30 31 52
31 31 52
32 31 52
53 31 52
54 31 52
55 31 52
56 31 52
28 32 52
29 32 52
30 32 52
31 32 52
52 32 52
53 32 52
54 32 52
55 32 52
26 33 52
27 33 52
28 33 52
29 33 52
30 33 52
50 33 52
51 33 52
52 33 52
53 33 52
54 33 52
25 34 52
26 34 52
30 34 52
49 34 52
50 34 52
54 34 52
24 35 52
30 35 52
48 35 52
54 35 52
30 36 52
54 36 52
21 37 52
30 37 52
45 37 52
54 37 52
20 38 52
28 38 52
29 38 52
30 38 52
44 38 52
54 38 52
19 39 52
29 39 52
31 39 52
32 39 52
40 39 52
41 39 52
43 39 52
19 40 52
31 40 52
32 40 52
33 40 52
34 40 52
35 40 52
37 40 52
38 40 52
39 40 52
40 40 52
41 40 52
43 40 52
32 41 52
34 41 52
35 41 52
36 41 52
37 41 52
38 41 52
40 41 52
32 42 52
33 42 52
34 42 52
35 42 52
36 42 52
37 42 52
38 42 52
39 42 52
40 42 52
19 43 52
33 43 52
34 43 52
35 43 52
37 43 52
38 43 52
39 43 52
43 43 52
53 43 52
19 44 52
43 44 52
53 44 52
20 45 52
44 45 52
52 45 52
21 46 52
45 46 52
51 46 52
23 47 52
47 47 52
48 47 52
49 47 52
25 49 52
26 49 52
27 49 52
28 49 52
29 49 52
30 49 52
42 49 52
43 49 52
44 49 52
45 49 52
46 49 52
47 49 52
26 50 52
27 50 52
28 50 52
29 50 52
30 50 52
42 50 52
43 50 52
44 50 52
45 50 52
46 50 52
27 51 52
28 51 52
29 51 52
30 51 52
31 51 52
41 51 52
42 51 52
43 51 52
44 51 52
45 51 52
29 52 52
30 52 52
31 52 52
32 52 52
40 52 52
41 52 52
42 52 52
43 52 52
29 53 52
30 53 52
31 53 52
32 53 52
33 53 52
39 53 52
40 53 52
41 53 52
42 53 52
43 53 52
30 54 52
31 54 52
32 54 52
33 54 52
39 54 52
40 54 52
41 54 52
42 54 52
30 55 52
32 55 52
40 55 52
42 55 52
30 56 52
31 56 52
32 56 52
40 56 52
41 56 52
42 56 52
30 57 52
31 57 52
41 57 52
42 57 52
30 58 52
42 58 52
30 59 52
42 59 52
31 60 52
41 60 52
33 64 52
34 64 52
35 64 52
36 64 52
37 64 52
38 64 52
39 64 52
34 16 53
35 16 53
36 16 53
37 16 53
38 16 53
33 17 53
39 17 53
15 18 53
16 18 53
17 18 53
18 18 53
30 18 53
31 18 53
32 18 53
40 18 53
41 18 53
42 18 53
54 18 53
55 18 53
56 18 53
57 18 53
18 19 53
19 19 53
29 19 53
30 19 53
42 19 53
43 19 53
53 19 53
54 19 53
14 20 53
19 20 53
20 20 53
21 20 53
27 20 53
28 20 53
29 20 53
43 20 53
44 20 53
45 20 53
51 20 53
52 20 53
53 20 53
58 20 53
13 21 53
19 21 53
20 21 53
21 21 53
27 21 53
28 21 53
29 21 53
43 21 53
44 21 53
45 21 53
51 21 53
52 21 53
53 21 53
59 21 53
18 22 53
19 22 53
20 22 53
28 22 53
29 22 53
30 22 53
42 22 53
43 22 53
44 22 53
52 22 53
53 22 53
54 22 53
12 23 53
17 23 53
18 23 53
19 23 53
29 23 53
30 23 53
31 23 53
41 23 53
42 23 53
43 23 53
53 23 53
54 23 53
55 23 53
60 23 53
16 24 53
31 24 53
40 24 53
55 24 53
11 25 53
14 25 53
15 25 53
31 25 53
38 25 53
39 25 53
55 25 53
61 25 53
31 26 53
32 26 53
36 26 53
55 26 53
56 26 53
60 26 53
61 26 53
31 27 53
32 27 53
33 27 53
34 27 53
35 27 53
36 27 53
55 27 53
56 27 53
57 27 53
58 27 53
59 27 53
60 27 53
31 28 53
32 28 53
33 28 53
34 28 53
55 28 53
56 28 53
57 28 53
58 28 53
32 29 53
56 29 53
27 34 53
28 34 53
29 34 53
51 34 53
52 34 53
53 34 53
25 35 53
26 35 53
27 35 53
28 35 53
29 35 53
49 35 53
50 35 53
51 35 53
52 35 53
53 35 53
24 36 53
25 36 53
27 36 53
28 36 53
29 36 53
48 36 53
49 36 53
51 36 53
52 36 53
53 36 53
22 37 53
23 37 53
28 37 53
29 37 53
46 37 53
47 37 53
52 37 53
53 37 53
21 38 53
27 38 53
45 38 53
53 38 53
20 39 53
44 39 53
53 39 53
53 40 53
19 41 53
33 41 53
39 41 53
43 41 53
53 41 53
19 42 53
43 42 53
53 42 53
20 44 53
44 44 53
52 44 53
21 45 53
45 45 53
51 45 53
22 46 53
46 46 53
47 46 53
49 46 53
50 46 53
24 47 53
31 55 53
41 55 53
31 61 53
41 61 53
31 62 53
41 62 53
31 63 53
32 63 53
33 63 53
39 63 53
40 63 53
41 63 53
34 17 54
35 17 54
36 17 54
37 17 54
38 17 54
33 18 54
34 18 54
38 18 54
39 18 54
15 19 54
16 19 54
17 19 54
31 19 54
32 19 54
33 19 54
39 19 54
40 19 54
41 19 54
55 19 54
56 19 54
57 19 54
16 20 54
17 20 54
18 20 54
30 20 54
31 20 54
32 20 54
40 20 54
41 20 54
42 20 54
54 20 54
55 20 54
56 20 54
14 21 54
16 21 54
17 21 54
18 21 54
30 21 54
31 21 54
32 21 54
40 21 54
41 21 54
42 21 54
54 21 54
55 21 54
56 21 54
58 21 54
13 22 54
16 22 54
17 22 54
31 22 54
32 22 54
40 22 54
41 22 54
55 22 54
56 22 54
59 22 54
15 23 54
16 23 54
32 23 54
33 23 54
39 23 54
40 23 54
56 23 54
57 23 54
12 24 54
13 24 54
14 24 54
15 24 54
32 24 54
33 24 54
34 24 54
35 24 54
37 24 54
38 24 54
39 24 54
56 24 54
57 24 54
58 24 54
59 24 54
60 24 54
12 25 54
13 25 54
32 25 54
33 25 54
34 25 54
35 25 54
36 25 54
37 25 54
56 25 54
57 25 54
58 25 54
59 25 54
60 25 54
33 26 54
34 26 54
35 26 54
57 26 54
58 26 54
59 26 54
26 36 54
50 36 54
24 37 54
25 37 54
26 37 54
27 37 54
48 37 54
49 37 54
50 37 54
51 37 54
22 38 54
23 38 54
24 38 54
25 38 54
26 38 54
46 38 54
47 38 54
48 38 54
49 38 54
50 38 54
51 38 54
52 38 54
21 39 54
28 39 54
45 39 54
51 39 54
52 39 54
20 40 54
21 40 54
44 40 54
45 40 54
51 40 54
52 40 54
20 41 54
44 41 54
52 41 54
20 42 54
44 42 54
52 42 54
20 43 54
21 43 54
44 43 54
45 43 54
51 43 54
52 43 54
21 44 54
45 44 54
51 44 54
22 45 54
46 45 54
47 45 54
48 45 54
49 45 54
50 45 54
23 46 54
48 46 54
25 47 54
32 58 54
40 58 54
32 62 54
40 62 54
34 63 54
35 63 54
36 63 54
37 63 54
38 63 54
35 18 55
36 18 55
37 18 55
34 19 55
35 19 55
36 19 55
37 19 55
38 19 55
15 20 55
33 20 55
34 20 55
35 20 55
36 20 55
37 20 55
38 20 55
39 20 55
57 20 55
15 21 55
33 21 55
34 21 55
35 21 55
36 21 55
37 21 55
38 21 55
39 21 55
57 21 55
14 22 55
15 22 55
33 22 55
34 22 55
35 22 55
36 22 55
37 22 55
38 22 55
39 22 55
57 22 55
58 22 55
13 23 55
14 23 55
34 23 55
35 23 55
36 23 55
37 23 55
38 23 55
58 23 55
59 23 55
36 24 55
22 39 55
23 39 55
24 39 55
25 39 55
26 39 55
27 39 55
46 39 55
47 39 55
48 39 55
49 39 55
50 39 55
22 40 55
23 40 55
29 40 55
46 40 55
47 40 55
48 40 55
49 40 55
50 40 55
21 41 55
22 41 55
45 41 55
46 41 55
47 41 55
48 41 55
49 41 55
50 41 55
51 41 55
21 42 55
22 42 55
45 42 55
46 42 55
47 42 55
48 42 55
49 42 55
50 42 55
51 42 55
22 43 55
46 43 55
47 43 55
48 43 55
49 43 55
50 43 55
22 44 55
46 44 55
47 44 55
48 44 55
49 44 55
50 44 55
23 45 55
24 46 55
26 47 55
32 59 55
40 59 55
32 60 55
40 60 55
32 61 55
40 61 55
33 62 55
34 62 55
35 62 55
36 62 55
37 62 55
38 62 55
39 62 55
24 40 56
25 40 56
26 40 56
27 40 56
28 40 56
23 41 56
24 41 56
30 41 56
23 42 56
24 42 56
23 43 56
23 44 56
24 44 56
24 45 56
25 46 56
27 47 56
33 60 56
39 60 56
33 61 56
34 61 56
35 61 56
36 61 56
37 61 56
38 61 56
39 61 56
25 41 57
26 41 57
27 41 57
28 41 57
29 41 57
25 42 57
26 42 57
24 43 57
25 43 57
25 44 57
25 45 57
26 46 57
33 56 57
39 56 57
33 57 57
39 57 57
33 58 57
39 58 57
33 59 57
39 59 57
34 60 57
38 60 57
27 42 58
28 42 58
29 42 58
30 42 58
26 43 58
27 43 58
26 44 58
26 45 58
27 46 58
28 47 58
34 58 58
38 58 58
34 59 58
35 59 58
36 59 58
37 59 58
38 59 58
35 60 58
36 60 58
37 60 58
28 43 59
29 43 59
27 44 59
28 44 59
27 45 59
34 57 59
38 57 59
35 58 59
36 58 59
37 58 59
30 43 60
28 45 60
28 46 60
35 57 60
36 57 60
37 57 60
29 44 61
29 48 61
33 55 61
39 55 61
34 56 61
35 56 61
36 56 61
37 56 61
38 56 61
31 43 62
29 45 62
34 55 62
35 55 62
36 55 62
37 55 62
38 55 62
32 43 63
30 44 63
29 46 63
29 47 63
32 53 63
33 53 63
39 53 63
40 53 63
33 54 63
34 54 63
35 54 63
36 54 63
37 54 63
38 54 63
39 54 63
31 44 64
30 45 64
31 51 64
32 51 64
40 51 64
32 52 64
33 52 64
34 52 64
35 52 64
36 52 64
37 52 64
38 52 64
39 52 64
40 52 64
34 53 64
35 53 64
36 53 64
37 53 64
38 53 64
33 43 65
30 46 65
30 49 65
31 49 65
32 49 65
40 49 65
41 49 65
31 50 65
32 50 65
33 50 65
34 50 65
35 50 65
36 50 65
37 50 65
38 50 65
39 50 65
40 50 65
41 50 65
33 51 65
34 51 65
35 51 65
36 51 65
37 51 65
38 51 65
39 51 65
32 44 66
31 45 66
31 46 66
41 46 66
30 47 66
31 47 66
32 47 66
33 47 66
34 47 66
38 47 66
39 47 66
40 47 66
41 47 66
30 48 66
31 48 66
32 48 66
33 48 66
34 48 66
35 48 66
36 48 66
37 48 66
38 48 66
39 48 66
40 48 66
41 48 66
33 49 66
34 49 66
35 49 66
36 49 66
37 49 66
38 49 66
39 49 66
34 43 67
38 43 67
33 44 67
34 44 67
35 44 67
36 44 67
37 44 67
38 44 67
39 44 67
32 45 67
33 45 67
34 45 67
35 45 67
36 45 67
37 45 67
38 45 67
39 45 67
40 45 67
32 46 67
33 46 67
34 46 67
35 46 67
36 46 67
37 46 67
38 46 67
39 46 67
40 46 67
35 47 67
36 47 67
37 47 67
35 43 68
36 43 68
37 43 68
