0 0 1
1 0 1
2 0 1
3 0 1
4 0 1
5 0 1
6 0 1
7 0 1
8 0 1
9 0 1
10 0 1
11 0 1
12 0 1
13 0 1
14 0 1
15 0 1
16 0 1
17 0 1
18 0 1
19 0 1
20 0 1
21 0 1
22 0 1
23 0 1
0 1 1
1 1 1
2 1 1
3 1 1
4 1 1
5 1 1
6 1 1
7 1 1
8 1 1
9 1 1
10 1 1
11 1 1
12 1 1
13 1 1
14 1 1
15 1 1
16 1 1
17 1 1
18 1 1
19 1 1
20 1 1
21 1 1
22 1 1
23 1 1
0 2 1
1 2 1
2 2 1
3 2 1
4 2 1
5 2 1
6 2 1
7 2 1
8 2 1
9 2 1
10 2 1
11 2 1
12 2 1
13 2 1
14 2 1
15 2 1
16 2 1
17 2 1
18 2 1
19 2 1
20 2 1
21 2 1
22 2 1
23 2 1
0 3 1
1 3 1
2 3 1
3 3 1
4 3 1
5 3 1
6 3 1
7 3 1
8 3 1
9 3 1
10 3 1
11 3 1
12 3 1
13 3 1
14 3 1
15 3 1
16 3 1
17 3 1
18 3 1
19 3 1
20 3 1
21 3 1
22 3 1
23 3 1
0 4 1
1 4 1
2 4 1
3 4 1
4 4 1
5 4 1
6 4 1
7 4 1
8 4 1
9 4 1
10 4 1
11 4 1
12 4 1
13 4 1
14 4 1
15 4 1
16 4 1
17 4 1
18 4 1
19 4 1
20 4 1
21 4 1
22 4 1
23 4 1
0 5 1
1 5 1
2 5 1
3 5 1
4 5 1
5 5 1
6 5 1
7 5 1
8 5 1
9 5 1
10 5 1
11 5 1
12 5 1
13 5 1
14 5 1
15 5 1
16 5 1
17 5 1
18 5 1
19 5 1
20 5 1
21 5 1
22 5 1
23 5 1
0 6 1
1 6 1
2 6 1
3 6 1
4 6 1
5 6 1
6 6 1
7 6 1
8 6 1
9 6 1
10 6 1
11 6 1
12 6 1
13 6 1
14 6 1
15 6 1
16 6 1
17 6 1
18 6 1
19 6 1
20 6 1
21 6 1
22 6 1
23 6 1
0 7 1
1 7 1
2 7 1
3 7 1
4 7 1
5 7 1
6 7 1
7 7 1
8 7 1
9 7 1
10 7 1
11 7 1
12 7 1
13 7 1
14 7 1
15 7 1
16 7 1
17 7 1
18 7 1
19 7 1
20 7 1
21 7 1
22 7 1
23 7 1
0 16 1
1 16 1
2 16 1
3 16 1
4 16 1
5 16 1
6 16 1
7 16 1
0 17 1
1 17 1
2 17 1
3 17 1
4 17 1
5 17 1
6 17 1
7 17 1
0 18 1
1 18 1
2 18 1
3 18 1
4 18 1
5 18 1
6 18 1
7 18 1
0 19 1
1 19 1
2 19 1
3 19 1
4 19 1
5 19 1
6 19 1
7 19 1
0 20 1
1 20 1
2 20 1
3 20 1
4 20 1
5 20 1
6 20 1
7 20 1
0 21 1
1 21 1
2 21 1
3 21 1
4 21 1
5 21 1
6 21 1
7 21 1
0 22 1
1 22 1
2 22 1
3 22 1
4 22 1
5 22 1
6 22 1
7 22 1
0 23 1
1 23 1
2 23 1
3 23 1
4 23 1
5 23 1
6 23 1
7 23 1
8 16 2
9 16 3
10 16 4
11 16 5
12 16 6
0 8 7
1 8 7
2 8 7
3 8 7
4 8 7
5 8 7
6 8 7
7 8 7
8 8 7
9 8 7
10 8 7
11 8 7
12 8 7
13 8 7
14 8 7
15 8 7
0 9 7
1 9 7
2 9 7
3 9 7
4 9 7
5 9 7
6 9 7
7 9 7
8 9 7
9 9 7
10 9 7
11 9 7
12 9 7
13 9 7
14 9 7
15 9 7
0 10 7
1 10 7
2 10 7
3 10 7
4 10 7
5 10 7
6 10 7
7 10 7
8 10 7
9 10 7
10 10 7
11 10 7
12 10 7
13 10 7
14 10 7
15 10 7
0 11 7
1 11 7
2 11 7
3 11 7
4 11 7
5 11 7
6 11 7
7 11 7
8 11 7
9 11 7
10 11 7
11 11 7
12 11 7
13 11 7
14 11 7
15 11 7
0 12 7
1 12 7
2 12 7
3 12 7
4 12 7
5 12 7
6 12 7
7 12 7
8 12 7
9 12 7
10 12 7
11 12 7
12 12 7
13 12 7
14 12 7
15 12 7
0 13 7
1 13 7
2 13 7
3 13 7
4 13 7
5 13 7
6 13 7
7 13 7
8 13 7
9 13 7
10 13 7
11 13 7
12 13 7
13 13 7
14 13 7
15 13 7
0 14 7
1 14 7
2 14 7
3 14 7
4 14 7
5 14 7
6 14 7
7 14 7
8 14 7
9 14 7
10 14 7
11 14 7
12 14 7
13 14 7
14 14 7
15 14 7
0 15 7
1 15 7
2 15 7
3 15 7
4 15 7
5 15 7
6 15 7
7 15 7
8 15 7
9 15 7
10 15 7
11 15 7
12 15 7
13 15 7
14 15 7
15 15 7
